0 0.21203703703703702 0.62708719851577 0.2101851851851852 0.6975881261595547 0.21388888888888888 0.7402597402597403 0.22962962962962963 0.7532467532467533 0.2462962962962963 0.7810760667903525 0.2712962962962963 0.7810760667903525 0.2851851851851852 0.8033395176252319 0.30833333333333335 0.8051948051948052 0.32685185185185184 0.7922077922077922 0.3472222222222222 0.7884972170686456 0.3712962962962963 0.8126159554730983 0.3851851851851852 0.8200371057513914 0.4351851851851852 0.8126159554730983 0.4462962962962963 0.7996289424860853 0.46944444444444444 0.7959183673469388 0.487962962962963 0.7736549165120594 0.5138888888888888 0.7717996289424861 0.5185185185185185 0.7606679035250464 0.5259259259259259 0.7179962894248608 0.5259259259259259 0.647495361781076 0.5092592592592593 0.549165120593692 0.47962962962962963 0.4897959183673469 0.44907407407407407 0.4582560296846011 0.42592592592592593 0.4452690166975881 0.36666666666666664 0.44155844155844154 0.35648148148148145 0.4489795918367347 0.32314814814814813 0.45083487940630795 0.27314814814814814 0.48237476808905383 0.25462962962962965 0.5009276437847866 0.24351851851851852 0.5250463821892394 0.24351851851851852 0.5324675324675324 0.23333333333333334 0.5528756957328386 0.23055555555555557 0.5677179962894249 0.2212962962962963 0.5844155844155844 0.21203703703703702 0.62708719851577
0 0.11944444444444445 0.4972170686456401 0.11851851851851852 0.5046382189239332 0.12314814814814815 0.5213358070500927 0.17592592592592593 0.5176252319109462 0.1712962962962963 0.5046382189239332 0.1712962962962963 0.4935064935064935 0.16203703703703703 0.48237476808905383 0.13240740740740742 0.48608534322820035 0.11944444444444445 0.4972170686456401
0 0.8 0.6048237476808905 0.7981481481481482 0.6159554730983302 0.8092592592592592 0.634508348794063 0.8277777777777777 0.6901669758812616 0.8574074074074074 0.7012987012987013 0.9009259259259259 0.7012987012987013 0.9185185185185185 0.686456400742115 0.925 0.6697588126159555 0.9231481481481482 0.6382189239332097 0.9166666666666666 0.6196660482374768 0.9055555555555556 0.6029684601113172 0.8805555555555555 0.5807050092764379 0.8592592592592593 0.5714285714285714 0.837037037037037 0.575139146567718 0.8277777777777777 0.5844155844155844 0.8138888888888889 0.588126159554731 0.8 0.6048237476808905
0 0.30833333333333335 0.8200371057513914 0.3055555555555556 0.8404452690166976 0.31203703703703706 0.8552875695732839 0.33240740740740743 0.8664192949907236 0.3638888888888889 0.862708719851577 0.375 0.8552875695732839 0.3851851851851852 0.8385899814471243 0.38425925925925924 0.8237476808905381 0.375 0.8200371057513914 0.34814814814814815 0.7922077922077922 0.32407407407407407 0.7959183673469388 0.30833333333333335 0.8200371057513914
0 0.12129629629629629 0.7884972170686456 0.11481481481481481 0.8033395176252319 0.11481481481481481 0.8126159554730983 0.11851851851851852 0.8218923933209648 0.11851851851851852 0.8348794063079777 0.12314814814814815 0.8441558441558441 0.14629629629629629 0.8589981447124304 0.1712962962962963 0.862708719851577 0.19444444444444445 0.862708719851577 0.21203703703703702 0.8552875695732839 0.22962962962962963 0.8237476808905381 0.23981481481481481 0.7959183673469388 0.2351851851851852 0.7717996289424861 0.22962962962962963 0.7606679035250464 0.20555555555555555 0.7421150278293135 0.1685185185185185 0.7421150278293135 0.16111111111111112 0.7532467532467533 0.1388888888888889 0.7606679035250464 0.12129629629629629 0.7884972170686456
0 0.1824074074074074 0.5009276437847866 0.17592592592592593 0.5083487940630798 0.17592592592592593 0.5213358070500927 0.18425925925925926 0.536178107606679 0.2324074074074074 0.5398886827458256 0.2388888888888889 0.5324675324675324 0.23703703703703705 0.5250463821892394 0.22777777777777777 0.5194805194805194 0.2324074074074074 0.5046382189239332 0.22592592592592592 0.4972170686456401 0.1824074074074074 0.5009276437847866
0 0.13240740740740742 0.7142857142857143 0.12962962962962962 0.738404452690167 0.1388888888888889 0.7495361781076066 0.1574074074074074 0.7495361781076066 0.16944444444444445 0.7365491651205937 0.20925925925925926 0.7365491651205937 0.20925925925925926 0.6697588126159555 0.20555555555555555 0.6512059369202227 0.17407407407407408 0.6623376623376623 0.14629629629629629 0.6827458256029685 0.13240740740740742 0.7142857142857143
0 0.5740740740740741 0.5324675324675324 0.5731481481481482 0.5807050092764379 0.575925925925926 0.6029684601113172 0.5824074074074074 0.634508348794063 0.5916666666666667 0.647495361781076 0.5981481481481481 0.647495361781076 0.6046296296296296 0.6382189239332097 0.6157407407407407 0.6382189239332097 0.6305555555555555 0.6512059369202227 0.6462962962962963 0.6512059369202227 0.6564814814814814 0.6382189239332097 0.6722222222222223 0.6307977736549165 0.6990740740740741 0.634508348794063 0.7185185185185186 0.6549165120593692 0.7425925925925926 0.6456400742115028 0.7527777777777778 0.647495361781076 0.7648148148148148 0.6233766233766234 0.7851851851851852 0.6066790352504638 0.7935185185185185 0.5807050092764379 0.7935185185185185 0.5250463821892394 0.7796296296296297 0.46938775510204084 0.7666666666666667 0.43413729128014844 0.7481481481481481 0.39517625231910947 0.7231481481481481 0.3562152133580705 0.7092592592592593 0.3395176252319109 0.6796296296296296 0.3246753246753247 0.6648148148148149 0.3246753246753247 0.6388888888888888 0.3432282003710575 0.6212962962962963 0.36363636363636365 0.5990740740740741 0.4044526901669759 0.5851851851851851 0.45083487940630795 0.5740740740740741 0.5324675324675324
0 0.525 0.8534322820037106 0.001851851851851852 0.0037105751391465678
0 0.5185185185185185 0.8478664192949907 0.5148148148148148 0.8441558441558441 0.5194444444444445 0.8515769944341373 0.5185185185185185 0.8478664192949907
0 0.5185185185185185 0.8274582560296846 0.5166666666666667 0.8348794063079777 0.5185185185185185 0.8274582560296846
0 0.5138888888888888 0.8200371057513914 0.5101851851851852 0.8274582560296846 0.512962962962963 0.8311688311688312 0.5101851851851852 0.8404452690166976 0.5120370370370371 0.8441558441558441 0.5120370370370371 0.8274582560296846 0.5166666666666667 0.8237476808905381 0.5138888888888888 0.8200371057513914
0 0.5166666666666667 0.7736549165120594 0.5138888888888888 0.7847866419294991 0.5212962962962963 0.8126159554730983 0.5416666666666666 0.8441558441558441 0.549074074074074 0.8404452690166976 0.55 0.8478664192949907 0.5555555555555556 0.8385899814471243 0.5648148148148148 0.8441558441558441 0.5935185185185186 0.8441558441558441 0.6046296296296296 0.8274582560296846 0.6055555555555555 0.8163265306122449 0.612037037037037 0.8033395176252319 0.6101851851851852 0.7569573283858998 0.6055555555555555 0.7421150278293135 0.5898148148148148 0.7142857142857143 0.5777777777777777 0.7050092764378478 0.5555555555555556 0.7050092764378478 0.5444444444444444 0.7161410018552876 0.524074074074074 0.7495361781076066 0.5231481481481481 0.7606679035250464 0.5166666666666667 0.7736549165120594
0 0.6351851851851852 0.6790352504638218 0.6342592592592593 0.6846011131725418 0.6388888888888888 0.6901669758812616 0.6685185185185185 0.7012987012987013 0.7138888888888889 0.7012987012987013 0.7212962962962963 0.6901669758812616 0.7231481481481481 0.673469387755102 0.7138888888888889 0.6512059369202227 0.7055555555555556 0.6419294990723562 0.6731481481481482 0.634508348794063 0.6509259259259259 0.647495361781076 0.6351851851851852 0.6790352504638218
0 0.5037037037037037 0.4935064935064935 0.5 0.5027829313543599 0.5027777777777778 0.5287569573283859 0.5601851851851852 0.5287569573283859 0.5555555555555556 0.5157699443413729 0.5574074074074075 0.5046382189239332 0.5388888888888889 0.47309833024118736 0.5148148148148148 0.4805194805194805 0.5037037037037037 0.4935064935064935