0 0.07234957020057306 0.6472332015810277 0.04154727793696275 0.025691699604743084
0 0.8689111747851003 0.5810276679841897 0.0329512893982808 0.02766798418972332
0 0.25859598853868193 0.6768774703557312 0.1504297994269341 0.18774703557312253
0 0.13825214899713467 0.6343873517786561 0.027220630372492838 0.019762845849802372
0 0.748567335243553 0.5128458498023716 0.07306590257879657 0.08498023715415019
0 0.48567335243553006 0.58399209486166 0.025787965616045846 0.017786561264822136
0 0.2134670487106017 0.6126482213438735 0.02865329512893983 0.019762845849802372
0 0.5458452722063037 0.6264822134387352 0.12034383954154727 0.16205533596837945
0 0.14541547277936961 0.6847826086956522 0.0329512893982808 0.025691699604743084
0 0.34025787965616044 0.724308300395257 0.0329512893982808 0.041501976284584984
0 0.45343839541547276 0.5652173913043478 0.04727793696275072 0.03557312252964427
0 0.37822349570200575 0.7134387351778656 0.06876790830945559 0.043478260869565216
0 0.5952722063037249 0.8685770750988142 0.027220630372492838 0.029644268774703556
0 0.5945558739255015 0.541501976284585 0.06876790830945559 0.07905138339920949
0 0.6174785100286533 0.8428853754940712 0.04871060171919771 0.045454545454545456
0 0.33739255014326647 0.5909090909090909 0.0329512893982808 0.015810276679841896
0 0.6869627507163324 0.8586956521739131 0.0329512893982808 0.03359683794466403
0 0.39326647564469913 0.5790513833992095 0.01862464183381089 0.011857707509881422
0 0.7106017191977078 0.5444664031620553 0.02005730659025788 0.01383399209486166
0 0.1361031518624642 0.8705533596837944 0.09169054441260745 0.08102766798418973
0 0.6339541547277937 0.6462450592885376 0.04727793696275072 0.02766798418972332
0 0.8388252148997135 0.7094861660079052 0.01862464183381089 0.019762845849802372
0 0.5959885386819485 0.8952569169960475 0.03151862464183381 0.03162055335968379
0 0.6762177650429799 0.5464426877470355 0.025787965616045846 0.01383399209486166
0 0.8116045845272206 0.5553359683794467 0.02148997134670487 0.015810276679841896