0 0.43478260869565216 0.8223140495867769 0.43174924165824063 0.8326446280991735 0.43478260869565216 0.8471074380165289 0.47724974721941354 0.8739669421487604 0.5096056622851365 0.8677685950413223 0.5278058645096056 0.8429752066115702 0.5278058645096056 0.8202479338842975 0.5207280080889788 0.7954545454545454 0.5106167846309403 0.7789256198347108 0.47724974721941354 0.756198347107438 0.455005055611729 0.768595041322314 0.44792719919110213 0.7789256198347108 0.4408493427704752 0.8140495867768595 0.43478260869565216 0.8223140495867769
0 0.5146612740141557 0.7355371900826446 0.5156723963599595 0.7830578512396694 0.5328614762386249 0.7995867768595041 0.5874620829120324 0.7995867768595041 0.60262891809909 0.756198347107438 0.60262891809909 0.7417355371900827 0.5884732052578362 0.7210743801652892 0.564206268958544 0.7045454545454546 0.5237613751263903 0.71900826446281 0.5146612740141557 0.7355371900826446
0 0.8220424671385238 0.6818181818181818 0.8038422649140546 0.71900826446281 0.8048533872598584 0.7272727272727273 0.8341759352881699 0.7355371900826446 0.846309403437816 0.7252066115702479 0.8554095045500506 0.7252066115702479 0.8614762386248737 0.7128099173553719 0.8624873609706775 0.6921487603305785 0.8523761375126391 0.6714876033057852 0.8220424671385238 0.6818181818181818
0 0.23660262891809908 0.7871900826446281 0.23559150657229525 0.8037190082644629 0.24266936299292213 0.8140495867768595 0.3316481294236603 0.8223140495867769 0.35591506572295245 0.8099173553719008 0.3660262891809909 0.7830578512396694 0.358948432760364 0.7417355371900827 0.3538928210313448 0.7355371900826446 0.3417593528816987 0.731404958677686 0.3063700707785642 0.7396694214876033 0.2982810920121335 0.7293388429752066 0.2901921132457027 0.7293388429752066 0.27603640040444893 0.7520661157024794 0.2699696663296259 0.7520661157024794 0.2659251769464105 0.7665289256198347 0.23660262891809908 0.7871900826446281
0 0.0839231547017189 0.7727272727272727 0.0717896865520728 0.7995867768595041 0.06268958543983821 0.8099173553719008 0.06268958543983821 0.8202479338842975 0.10111223458038422 0.8305785123966942 0.10920121334681497 0.8223140495867769 0.12335692618806876 0.8202479338842975 0.12841253791708795 0.8057851239669421 0.13346814964610718 0.8161157024793388 0.16177957532861476 0.8140495867768595 0.1577350859453994 0.7830578512396694 0.16076845298281092 0.7520661157024794 0.15369059656218403 0.7355371900826446 0.11830131445904954 0.7355371900826446 0.10819009100101112 0.7417355371900827 0.09706774519716886 0.762396694214876 0.0839231547017189 0.7727272727272727
0 0.08190091001011122 0.4214876033057851 0.08088978766430738 0.42768595041322316 0.08695652173913043 0.41735537190082644 0.08614762386248737 0.42768595041322316 0.13346814964610718 0.42768595041322316 0.11627906976744186 0.39462809917355374 0.09908998988877654 0.39669421487603307 0.08190091001011122 0.4214876033057851
0 0.7664307381193124 0.5082644628099173 0.7583417593528817 0.5392561983471075 0.7684529828109201 0.5495867768595041 0.7927199191102123 0.5557851239669421 0.8190091001011123 0.5537190082644629 0.8301314459049545 0.5392561983471075 0.846309403437816 0.5433884297520661 0.8543983822042467 0.5289256198347108 0.8523761375126391 0.5020661157024794 0.8372093023255814 0.47107438016528924 0.8270980788675429 0.46487603305785125 0.7927199191102123 0.46487603305785125 0.7856420626895855 0.47107438016528924 0.7664307381193124 0.5082644628099173
0 0.9625884732052579 0.47520661157024796 0.9544994944388271 0.49173553719008267 0.9575328614762386 0.5 0.9989888776541962 0.49586776859504134 0.9989888776541962 0.45454545454545453 0.9757330637007078 0.45454545454545453 0.9625884732052579 0.47520661157024796
0 0.5925176946410515 0.7933884297520661 0.5915065722952477 0.8223140495867769 0.5955510616784631 0.8367768595041323 0.6056622851365016 0.8574380165289256 0.6228513650151668 0.8677685950413223 0.6845298281092013 0.8574380165289256 0.6936299292214358 0.8471074380165289 0.698685540950455 0.8264462809917356 0.6956521739130435 0.7995867768595041 0.6804853387259858 0.762396694214876 0.6632962588473206 0.7355371900826446 0.6370070778564206 0.7148760330578512 0.6157735085945399 0.7210743801652892 0.6066734074823054 0.7417355371900827 0.60262891809909 0.768595041322314 0.5925176946410515 0.7933884297520661
0 0.29120323559150657 0.6012396694214877 0.29120323559150657 0.6673553719008265 0.30535894843276035 0.7293388429752066 0.35490394337714865 0.7293388429752066 0.36501516683518703 0.7458677685950413 0.3710819009100101 0.7789256198347108 0.38928210313447925 0.7892561983471075 0.4448938321536906 0.7789256198347108 0.45601617795753285 0.762396694214876 0.4752275025278059 0.75 0.48432760364004046 0.756198347107438 0.506572295247725 0.75 0.5207280080889788 0.71900826446281 0.5439838220424671 0.7045454545454546 0.564206268958544 0.7024793388429752 0.5925176946410515 0.7148760330578512 0.6056622851365016 0.6942148760330579 0.621840242669363 0.6818181818181818 0.6319514661274014 0.6508264462809917 0.6319514661274014 0.5826446280991735 0.6248736097067745 0.5268595041322314 0.6289180990899899 0.49586776859504134 0.6299292214357938 0.42768595041322316 0.6177957532861477 0.36983471074380164 0.6036400404448938 0.34710743801652894 0.60262891809909 0.3367768595041322 0.5945399393326593 0.3202479338842975 0.5338725985844287 0.30991735537190085 0.5298281092012134 0.31611570247933884 0.49342770475227504 0.32644628099173556 0.45197168857431747 0.35330578512396693 0.3700707785642063 0.43388429752066116 0.3569261880687563 0.46487603305785125 0.34277047522750254 0.48140495867768596 0.30535894843276035 0.5475206611570248 0.2972699696663296 0.5681818181818182 0.29120323559150657 0.6012396694214877
0 0.6855409504550051 0.737603305785124 0.6814964610717897 0.762396694214876 0.7017189079878665 0.8161157024793388 0.731041456016178 0.8223140495867769 0.7401415571284126 0.8202479338842975 0.7441860465116279 0.8099173553719008 0.7441860465116279 0.7892561983471075 0.7290192113245703 0.7458677685950413 0.7027300303336703 0.7252066115702479 0.6905965621840243 0.7252066115702479 0.6855409504550051 0.737603305785124
0 0.16683518705763398 0.6694214876033058 0.16481294236602628 0.6880165289256198 0.1678463094034378 0.6942148760330579 0.1698685540950455 0.7272727272727273 0.19009100101112233 0.7727272727272727 0.2032355915065723 0.7520661157024794 0.20930232558139536 0.75 0.22143579373104147 0.7520661157024794 0.23356926188068755 0.768595041322314 0.2517694641051567 0.7665289256198347 0.2527805864509606 0.756198347107438 0.25884732052578363 0.7458677685950413 0.2780586450960566 0.7417355371900827 0.29625884732052576 0.7148760330578512 0.2861476238624874 0.640495867768595 0.2608695652173913 0.6136363636363636 0.23862487360970677 0.6239669421487604 0.21536905965621841 0.6239669421487604 0.1769464105156724 0.6508264462809917 0.16683518705763398 0.6694214876033058
0 0.3235591506572295 0.9111570247933884 0.32457027300303337 0.9545454545454546 0.36501516683518703 0.9586776859504132 0.37613751263902934 0.9524793388429752 0.378159757330637 0.9380165289256198 0.3832153690596562 0.9483471074380165 0.38018200202224467 0.9421487603305785 0.38119312436804853 0.9214876033057852 0.3690596562184024 0.9049586776859504 0.3306370070778564 0.9049586776859504 0.3235591506572295 0.9111570247933884