0 0.06549815498154982 0.6549165120593692 0.05719557195571956 0.6753246753246753 0.061808118081180814 0.6827458256029685 0.10608856088560886 0.686456400742115 0.11623616236162361 0.6790352504638218 0.11346863468634687 0.6697588126159555 0.10608856088560886 0.6660482374768089 0.1014760147601476 0.6512059369202227 0.08763837638376384 0.6382189239332097 0.07287822878228782 0.6437847866419295 0.06549815498154982 0.6549165120593692
0 0.7066420664206642 0.7365491651205937 0.7066420664206642 0.7458256029684601 0.7158671586715867 0.7662337662337663 0.716789667896679 0.7773654916512059 0.7380073800738007 0.8033395176252319 0.790590405904059 0.8033395176252319 0.8007380073800738 0.7959183673469388 0.8127306273062731 0.7680890538033395 0.8044280442804428 0.7365491651205937 0.790590405904059 0.7142857142857143 0.7739852398523985 0.7142857142857143 0.764760147601476 0.725417439703154 0.7066420664206642 0.7365491651205937
0 0.8118081180811808 0.6901669758812616 0.8081180811808119 0.7012987012987013 0.8219557195571956 0.7050092764378478 0.8284132841328413 0.712430426716141 0.8459409594095941 0.7458256029684601 0.9012915129151291 0.7495361781076066 0.9114391143911439 0.7365491651205937 0.9040590405904059 0.7105751391465677 0.8892988929889298 0.6938775510204082 0.8607011070110702 0.6901669758812616 0.8523985239852399 0.6827458256029685 0.8256457564575646 0.6827458256029685 0.8118081180811808 0.6901669758812616
0 0.43634686346863466 0.7625231910946196 0.4345018450184502 0.7717996289424861 0.43726937269372695 0.7959183673469388 0.45295202952029523 0.7996289424860853 0.48154981549815495 0.7922077922077922 0.4797047970479705 0.7755102040816326 0.46309963099630996 0.7532467532467533 0.4455719557195572 0.7495361781076066 0.43634686346863466 0.7625231910946196
0 0.20571955719557194 0.7458256029684601 0.20202952029520296 0.7680890538033395 0.21309963099630996 0.7810760667903525 0.22324723247232472 0.7847866419294991 0.238929889298893 0.7884972170686456 0.27121771217712176 0.7810760667903525 0.28505535055350556 0.7717996289424861 0.2822878228782288 0.7421150278293135 0.27767527675276754 0.725417439703154 0.25461254612546125 0.7087198515769945 0.2177121771217712 0.7217068645640075 0.20571955719557194 0.7458256029684601
0 0.13560885608856088 0.5176252319109462 0.13468634686346864 0.5306122448979592 0.1392988929889299 0.536178107606679 0.16789667896678967 0.536178107606679 0.18265682656826568 0.5250463821892394 0.20202952029520296 0.5250463821892394 0.2029520295202952 0.5120593692022264 0.1937269372693727 0.4897959183673469 0.18357933579335795 0.48237476808905383 0.1752767527675277 0.4897959183673469 0.14760147601476015 0.4935064935064935 0.1429889298892989 0.4972170686456401 0.13560885608856088 0.5176252319109462
0 0.35424354243542433 0.6771799628942486 0.35239852398523985 0.6883116883116883 0.3551660516605166 0.6938775510204082 0.37177121771217714 0.7087198515769945 0.39022140221402213 0.6938775510204082 0.3929889298892989 0.686456400742115 0.40498154981549817 0.686456400742115 0.4077490774907749 0.6827458256029685 0.4077490774907749 0.6382189239332097 0.3929889298892989 0.62708719851577 0.37822878228782286 0.62708719851577 0.3643911439114391 0.647495361781076 0.35977859778597787 0.6697588126159555 0.35424354243542433 0.6771799628942486
0 0.6319188191881919 0.5380333951762524 0.6319188191881919 0.5565862708719852 0.6420664206642066 0.5807050092764379 0.6614391143911439 0.6586270871985158 0.6623616236162362 0.7161410018552876 0.6863468634686347 0.7179962894248608 0.6992619926199262 0.7291280148423006 0.7287822878228782 0.7291280148423006 0.7398523985239852 0.7217068645640075 0.7601476014760148 0.7217068645640075 0.772140221402214 0.7105751391465677 0.7896678966789668 0.7105751391465677 0.7933579335793358 0.7012987012987013 0.7933579335793358 0.6382189239332097 0.7850553505535055 0.5992578849721707 0.7776752767527675 0.575139146567718 0.7592250922509225 0.5380333951762524 0.738929889298893 0.5083487940630798 0.705719557195572 0.48237476808905383 0.6808118081180812 0.4805194805194805 0.6457564575645757 0.5120593692022264 0.6319188191881919 0.5380333951762524
0 0.28690036900369004 0.7217068645640075 0.2859778597785978 0.7532467532467533 0.3007380073800738 0.7717996289424861 0.3191881918819188 0.7810760667903525 0.3440959409594096 0.7755102040816326 0.3514760147601476 0.7458256029684601 0.35608856088560886 0.7365491651205937 0.3671586715867159 0.7291280148423006 0.3662361623616236 0.712430426716141 0.3514760147601476 0.6975881261595547 0.3367158671586716 0.6938775510204082 0.31642066420664205 0.6938775510204082 0.28690036900369004 0.7217068645640075
0 0.41051660516605165 0.6382189239332097 0.4086715867158672 0.686456400742115 0.41420664206642066 0.7217068645640075 0.4252767527675277 0.7291280148423006 0.4345018450184502 0.7495361781076066 0.4621771217712177 0.7495361781076066 0.4806273062730627 0.7717996289424861 0.492619926199262 0.7773654916512059 0.5129151291512916 0.7773654916512059 0.5322878228782287 0.7847866419294991 0.5765682656826568 0.7847866419294991 0.5913284132841329 0.7680890538033395 0.6125461254612546 0.7717996289424861 0.6245387453874539 0.7495361781076066 0.6540590405904059 0.7365491651205937 0.6577490774907749 0.725417439703154 0.6577490774907749 0.6549165120593692 0.6540590405904059 0.6493506493506493 0.6540590405904059 0.634508348794063 0.6476014760147601 0.6196660482374768 0.6346863468634686 0.5677179962894249 0.6023985239852399 0.5120593692022264 0.5654981549815498 0.48608534322820035 0.5387453874538746 0.48608534322820035 0.5175276752767528 0.4935064935064935 0.48247232472324725 0.5176252319109462 0.4317343173431734 0.588126159554731 0.4123616236162362 0.6233766233766234 0.41051660516605165 0.6382189239332097
0 0.6208487084870848 0.7699443413729128 0.6180811808118081 0.8200371057513914 0.6217712177121771 0.8385899814471243 0.6476014760147601 0.8552875695732839 0.6872693726937269 0.8515769944341373 0.705719557195572 0.8404452690166976 0.7084870848708487 0.8163265306122449 0.705719557195572 0.7884972170686456 0.6845018450184502 0.7569573283858998 0.6614391143911439 0.7421150278293135 0.6429889298892989 0.7421150278293135 0.6309963099630996 0.7495361781076066 0.6208487084870848 0.7699443413729128
0 0.28690036900369004 0.5046382189239332 0.2859778597785978 0.5324675324675324 0.2896678966789668 0.5398886827458256 0.29704797047970477 0.5435992578849722 0.3118081180811808 0.5714285714285714 0.3182656826568266 0.5714285714285714 0.3376383763837638 0.5918367346938775 0.3413284132841328 0.5992578849721707 0.3404059040590406 0.6178107606679035 0.3459409594095941 0.6307977736549165 0.35239852398523985 0.6419294990723562 0.3634686346863469 0.6437847866419295 0.37915129151291516 0.6233766233766234 0.4077490774907749 0.6307977736549165 0.4086715867158672 0.6233766233766234 0.43726937269372695 0.5714285714285714 0.48800738007380073 0.5083487940630798 0.533210332103321 0.48237476808905383 0.5682656826568265 0.47680890538033394 0.5498154981549815 0.44155844155844154 0.540590405904059 0.437847866419295 0.5092250922509225 0.40630797773654914 0.466789667896679 0.3877551020408163 0.4492619926199262 0.3877551020408163 0.4151291512915129 0.3747680890538033 0.38099630996309963 0.3747680890538033 0.35608856088560886 0.3821892393320965 0.3311808118081181 0.4025974025974026 0.29428044280442806 0.47309833024118736 0.28690036900369004 0.5046382189239332
0 0.1752767527675277 0.6233766233766234 0.17343173431734318 0.6512059369202227 0.1881918819188192 0.6697588126159555 0.21033210332103322 0.6790352504638218 0.2481549815498155 0.6790352504638218 0.25092250922509224 0.673469387755102 0.26752767527675275 0.673469387755102 0.2859778597785978 0.6623376623376623 0.29981549815498154 0.6623376623376623 0.3081180811808118 0.6326530612244898 0.3154981549815498 0.6196660482374768 0.3154981549815498 0.5955473098330241 0.3081180811808118 0.5844155844155844 0.3081180811808118 0.575139146567718 0.30350553505535055 0.5640074211502782 0.29612546125461253 0.5602968460111317 0.283210332103321 0.5398886827458256 0.24723247232472326 0.5398886827458256 0.21033210332103322 0.5602968460111317 0.1752767527675277 0.6233766233766234