0 0.1683453237410072 0.21442687747035574 0.1553956834532374 0.191699604743083
0 0.8043165467625899 0.17984189723320157 0.0776978417266187 0.07905138339920949
0 0.3841726618705036 0.20454545454545456 0.06618705035971223 0.04940711462450593
0 0.616546762589928 0.17193675889328064 0.050359712230215826 0.039525691699604744
0 0.8316546762589928 0.2391304347826087 0.031654676258992806 0.02766798418972332
0 0.28129496402877696 0.21442687747035574 0.08201438848920864 0.07707509881422925
0 0.5568345323741007 0.10573122529644269 0.06618705035971223 0.05731225296442688
0 0.09568345323741007 0.33300395256917 0.02446043165467626 0.025691699604743084
0 0.31798561151079136 0.12055335968379446 0.031654676258992806 0.03557312252964427
0 0.4546762589928058 0.08201581027667984 0.034532374100719423 0.021739130434782608
0 0.24316546762589927 0.12351778656126482 0.04316546762589928 0.041501976284584984
0 0.5158273381294964 0.16897233201581027 0.06762589928057554 0.041501976284584984
0 0.05683453237410072 0.17490118577075098 0.06762589928057554 0.03359683794466403
0 0.26906474820143883 0.07114624505928854 0.0460431654676259 0.039525691699604744
0 0.7424460431654676 0.1383399209486166 0.051798561151079135 0.02766798418972332
0 0.5388489208633094 0.13932806324110672 0.03884892086330935 0.025691699604743084
0 0.35467625899280575 0.10375494071146245 0.033093525179856115 0.025691699604743084
0 0.05107913669064748 0.3092885375494071 0.030215827338129497 0.025691699604743084
0 0.1093525179856115 0.13932806324110672 0.034532374100719423 0.025691699604743084
0 0.7050359712230215 0.0958498023715415 0.05467625899280575 0.0533596837944664
0 0.8964028776978418 0.6976284584980237 0.0460431654676259 0.039525691699604744
0 0.17985611510791366 0.12154150197628459 0.04028776978417266 0.025691699604743084
0 0.40071942446043163 0.1007905138339921 0.033093525179856115 0.03557312252964427
0 0.025899280575539568 0.13537549407114624 0.031654676258992806 0.021739130434782608
0 0.6280575539568345 0.08695652173913043 0.08489208633093526 0.06324110671936758
0 0.7388489208633093 0.21936758893280633 0.030215827338129497 0.019762845849802372
0 0.9194244604316547 0.05237154150197629 0.05467625899280575 0.04940711462450593
0 0.3575539568345324 0.05533596837944664 0.033093525179856115 0.03557312252964427
0 0.5057553956834533 0.10770750988142293 0.03884892086330935 0.041501976284584984
0 0.918705035971223 0.2519762845849802 0.03884892086330935 0.037549407114624504
0 0.5446043165467626 0.19861660079051383 0.041726618705035974 0.029644268774703556
0 0.6820143884892086 0.043478260869565216 0.08633093525179857 0.07114624505928854
0 0.7669064748201438 0.24604743083003952 0.02302158273381295 0.025691699604743084
0 0.46906474820143884 0.05237154150197629 0.04892086330935252 0.045454545454545456
0 0.8352517985611511 0.06027667984189723 0.09352517985611511 0.06126482213438735
0 0.9575539568345324 0.6225296442687747 0.033093525179856115 0.03162055335968379
0 0.7546762589928058 0.18181818181818182 0.02446043165467626 0.019762845849802372
0 0.32446043165467625 0.06126482213438735 0.030215827338129497 0.03162055335968379
0 0.09136690647482014 0.26778656126482214 0.02158273381294964 0.025691699604743084
0 0.9172661870503597 0.10573122529644269 0.07338129496402877 0.07312252964426877
0 0.7438848920863309 0.04940711462450593 0.051798561151079135 0.05138339920948617
0 0.5762589928057554 0.25395256916996045 0.03597122302158273 0.029644268774703556
0 0.9618705035971223 0.41007905138339923 0.030215827338129497 0.025691699604743084
0 0.7676258992805756 0.08201581027667984 0.04748201438848921 0.041501976284584984
0 0.9460431654676259 0.6778656126482213 0.02446043165467626 0.023715415019762844
0 0.03669064748201439 0.7440711462450593 0.053237410071942444 0.03359683794466403
0 0.6618705035971223 0.18774703557312253 0.02014388489208633 0.015810276679841896
0 0.6841726618705036 0.34189723320158105 0.02446043165467626 0.019762845849802372
0 0.41007194244604317 0.1551383399209486 0.025899280575539568 0.029644268774703556
0 0.3381294964028777 0.14525691699604742 0.025899280575539568 0.021739130434782608
0 0.08992805755395683 0.06324110671936758 0.03884892086330935 0.02766798418972332
0 0.8007194244604317 0.5306324110671937 0.1884892086330935 0.32608695652173914
0 0.6359712230215827 0.038537549407114624 0.031654676258992806 0.03359683794466403
0 0.9776978417266187 0.06521739130434782 0.03884892086330935 0.03557312252964427
0 0.739568345323741 0.017786561264822136 0.0460431654676259 0.02766798418972332
0 0.4827338129496403 0.12845849802371542 0.027338129496402876 0.015810276679841896
0 0.5935251798561151 0.05434782608695652 0.027338129496402876 0.017786561264822136
0 0.9417266187050359 0.5592885375494071 0.02158273381294964 0.019762845849802372
0 0.7805755395683454 0.039525691699604744 0.033093525179856115 0.039525691699604744
0 0.841726618705036 0.7252964426877471 0.02014388489208633 0.03162055335968379
0 0.026618705035971222 0.4318181818181818 0.027338129496402876 0.025691699604743084
0 0.30503597122302156 0.09189723320158102 0.02302158273381295 0.017786561264822136
0 0.7201438848920864 0.18873517786561264 0.01870503597122302 0.01383399209486166
0 0.4525179856115108 0.17391304347826086 0.015827338129496403 0.011857707509881422
0 0.6517985611510791 0.5276679841897233 0.1410071942446043 0.2964426877470356
0 0.8446043165467626 0.3784584980237154 0.03741007194244604 0.017786561264822136
0 0.6884892086330935 0.22430830039525693 0.01870503597122302 0.01383399209486166