0 0.30288909599254427 0.770949720670391 0.30288909599254427 0.7932960893854749 0.31220876048462254 0.819366852886406 0.32618825722274 0.8119180633147114 0.3504193849021435 0.8119180633147114 0.38024231127679403 0.7951582867783985 0.3979496738117428 0.7951582867783985 0.4147250698974837 0.7858472998137802 0.418452935694315 0.7690875232774674 0.418452935694315 0.74487895716946 0.4147250698974837 0.7374301675977654 0.391425908667288 0.7262569832402235 0.3699906803355079 0.7039106145251397 0.3364398881640261 0.6908752327746741 0.32246039142590865 0.6964618249534451 0.31593662628145386 0.7113594040968343 0.30288909599254427 0.770949720670391
0 0.7437092264678472 0.7281191806331471 0.7427772600186393 0.7430167597765364 0.7576887232059646 0.7783985102420856 0.7931034482758621 0.7802607076350093 0.8070829450139795 0.770949720670391 0.8052190121155638 0.7541899441340782 0.7903075489282386 0.7206703910614525 0.7781919850885368 0.7188081936685289 0.7735321528424977 0.7281191806331471 0.7623485554520038 0.7132216014897579 0.7530288909599254 0.7113594040968343 0.7437092264678472 0.7281191806331471
0 0.007455731593662628 0.5325884543761639 0 0.5418994413407822 0 0.5586592178770949 0.02702702702702703 0.5567970204841713 0.01863932898415657 0.527001862197393 0.013979496738117428 0.5251396648044693 0.007455731593662628 0.5325884543761639
0 0.20503261882572227 0.4059590316573557 0.2031686859273066 0.4134078212290503 0.20782851817334577 0.41527001862197394 0.2413793103448276 0.4134078212290503 0.23951537744641194 0.3985102420856611 0.23019571295433364 0.3817504655493482 0.21342031686859272 0.38361266294227186 0.20503261882572227 0.4059590316573557
0 0.5959925442684063 0.7383612662942272 0.0009319664492078285 0.00186219739292365
0 0.5983224603914259 0.7281191806331471 0.6001863932898416 0.750465549348231 0.5964585274930102 0.7541899441340782 0.5964585274930102 0.7635009310986964 0.6095060577819198 0.7783985102420856 0.6188257222739981 0.8044692737430168 0.6244175209692451 0.8100558659217877 0.668219944082013 0.819366852886406 0.6915191053122087 0.813780260707635 0.727865796831314 0.8156424581005587 0.7343895619757689 0.8044692737430168 0.7353215284249767 0.7783985102420856 0.7325256290773532 0.770949720670391 0.7185461323392358 0.7541899441340782 0.700838769804287 0.7430167597765364 0.6840633737185461 0.7188081936685289 0.6477166821994408 0.7094972067039106 0.641192917054986 0.7113594040968343 0.625349487418453 0.7299813780260708 0.5983224603914259 0.7281191806331471
0 0.5442684063373718 0.7392923649906891 0.5405405405405406 0.7616387337057728 0.554520037278658 0.8026070763500931 0.614165890027959 0.8026070763500931 0.6104380242311277 0.7858472998137802 0.6011183597390494 0.7783985102420856 0.5927306616961789 0.7616387337057728 0.5890027958993477 0.7392923649906891 0.575955265610438 0.7206703910614525 0.5442684063373718 0.7392923649906891
0 0.23765144454799628 0.43947858472998136 0.22367194780987884 0.4655493482309125 0.2124883504193849 0.4748603351955307 0.2124883504193849 0.48044692737430167 0.2777260018639329 0.48044692737430167 0.28238583410997203 0.46741154562383613 0.2833178005591799 0.43947858472998136 0.2777260018639329 0.43202979515828677 0.2506989748369059 0.4301675977653631 0.23765144454799628 0.43947858472998136
0 0.11835973904939422 0.6759776536312849 0.11742777260018639 0.7113594040968343 0.1239515377446412 0.7262569832402235 0.19850885368126747 0.7188081936685289 0.21714818266542404 0.7039106145251397 0.2413793103448276 0.702048417132216 0.2413793103448276 0.6852886405959032 0.24697110904007455 0.6629422718808193 0.26654240447343897 0.6461824953445066 0.2870456663560112 0.6424581005586593 0.2842497670083877 0.5940409683426443 0.2786579683131407 0.5847299813780261 0.26654240447343897 0.5810055865921788 0.255358807082945 0.5698324022346368 0.22646784715750232 0.5605214152700186 0.195712954333644 0.5605214152700186 0.18359739049394222 0.5661080074487895 0.17054986020503263 0.5754189944134078 0.15470643056849953 0.5996275605214153 0.14631873252562907 0.6014897579143389 0.1369990680335508 0.633147113594041 0.11835973904939422 0.6759776536312849
0 0.7353215284249767 0.49906890130353815 0.7343895619757689 0.5493482309124768 0.7576887232059646 0.5586592178770949 0.8005591798695247 0.5586592178770949 0.8238583410997204 0.5418994413407822 0.8294501397949674 0.527001862197393 0.8275862068965517 0.49906890130353815 0.8201304753028891 0.4748603351955307 0.8145386766076421 0.4655493482309125 0.7958993476234856 0.45996275605214154 0.7819198508853681 0.4655493482309125 0.7800559179869525 0.4748603351955307 0.7744641192917054 0.4729981378026071 0.771668219944082 0.4655493482309125 0.7493010251630942 0.4729981378026071 0.7399813606710158 0.4823091247672253 0.7353215284249767 0.49906890130353815
0 0.24603914259086673 0.6685288640595903 0.2423112767940354 0.6908752327746741 0.24697110904007455 0.7001862197392924 0.2749301025163094 0.6759776536312849 0.2972972972972973 0.6759776536312849 0.28890959925442683 0.6517690875232774 0.27958993476234856 0.6461824953445066 0.26095060577819196 0.6517690875232774 0.24603914259086673 0.6685288640595903
0 0.5973904939422181 0.6629422718808193 0.5964585274930102 0.6852886405959032 0.6076421248835042 0.7188081936685289 0.625349487418453 0.7262569832402235 0.6505125815470643 0.7039106145251397 0.6887232059645852 0.7188081936685289 0.712022367194781 0.7467411545623837 0.7241379310344828 0.74487895716946 0.7260018639328985 0.7374301675977654 0.7371854613233924 0.7337057728119181 0.739049394221808 0.7281191806331471 0.7371854613233924 0.6350093109869647 0.7325256290773532 0.62756052141527 0.712022367194781 0.6182495344506518 0.6915191053122087 0.5847299813780261 0.6868592730661697 0.5661080074487895 0.6495806150978565 0.5754189944134078 0.6160298229263746 0.6182495344506518 0.6123019571295434 0.633147113594041 0.6029822926374651 0.6443202979515829 0.5973904939422181 0.6629422718808193
0 0.048462255358807084 0.5009310986964618 0.046598322460391424 0.5418994413407822 0.05591798695246971 0.5418994413407822 0.06244175209692451 0.5493482309124768 0.09878844361602983 0.5493482309124768 0.11369990680335508 0.5418994413407822 0.1276794035414725 0.547486033519553 0.13327120223671948 0.5325884543761639 0.13047530288909598 0.5009310986964618 0.11649580615097857 0.4823091247672253 0.09412861136999068 0.4729981378026071 0.05871388630009319 0.4823091247672253 0.048462255358807084 0.5009310986964618
0 0.2842497670083877 0.43947858472998136 0.28238583410997203 0.5251396648044693 0.2851817334575955 0.5679702048417132 0.29263746505125815 0.6480446927374302 0.3038210624417521 0.6834264432029795 0.3131407269338304 0.6964618249534451 0.33737185461323393 0.6852886405959032 0.3634669151910531 0.6945996275605214 0.4175209692451072 0.7355679702048417 0.4277726001863933 0.7597765363128491 0.43895619757688725 0.7672253258845437 0.4538676607642125 0.7616387337057728 0.46225535880708296 0.74487895716946 0.47809878844361603 0.7355679702048417 0.5144454799627214 0.7355679702048417 0.5237651444547996 0.7206703910614525 0.5330848089468779 0.7150837988826816 0.5414725069897484 0.6871508379888268 0.5629077353215284 0.6685288640595903 0.5675675675675675 0.6536312849162011 0.5834109972041006 0.659217877094972 0.587138863000932 0.6424581005586593 0.5964585274930102 0.6238361266294227 0.6011183597390494 0.5716945996275605 0.6057781919850885 0.5586592178770949 0.6057781919850885 0.5139664804469274 0.5964585274930102 0.4301675977653631 0.5722273998136067 0.3575418994413408 0.5535880708294502 0.3202979515828678 0.5396085740913327 0.30726256983240224 0.5172413793103449 0.29608938547486036 0.4967381174277726 0.27001862197392923 0.46971109040074555 0.260707635009311 0.44920782851817337 0.24394785847299813 0.4212488350419385 0.23649906890130354 0.35414725069897485 0.24394785847299813 0.3233923578751165 0.2718808193668529 0.31220876048462254 0.29608938547486036 0.293569431500466 0.3612662942271881 0.29263746505125815 0.39106145251396646 0.2842497670083877 0.43947858472998136
0 0.4641192917054986 0.750465549348231 0.4594594594594595 0.7597765363128491 0.4594594594594595 0.770949720670391 0.46877912395153776 0.7951582867783985 0.48555452003727867 0.7988826815642458 0.49860205032618826 0.8119180633147114 0.5349487418452936 0.8119180633147114 0.5442684063373718 0.7970204841713222 0.5442684063373718 0.7783985102420856 0.5386766076421249 0.7541899441340782 0.5237651444547996 0.7374301675977654 0.5079217148182665 0.7430167597765364 0.4790307548928239 0.7392923649906891 0.4641192917054986 0.750465549348231
0 0.23299161230195714 0.7299813780260708 0.23019571295433364 0.7523277467411545 0.22367194780987884 0.7728119180633147 0.22367194780987884 0.7932960893854749 0.22833178005591798 0.8044692737430168 0.24697110904007455 0.8100558659217877 0.2656104380242311 0.7951582867783985 0.2972972972972973 0.7858472998137802 0.31220876048462254 0.7262569832402235 0.31220876048462254 0.7094972067039106 0.2982292637465051 0.6797020484171322 0.2739981360671016 0.6759776536312849 0.2516309412861137 0.6945996275605214 0.23299161230195714 0.7299813780260708