0 0.4656019656019656 0.7225 0.4656019656019656 0.7475 0.4926289926289926 0.7525 0.5208845208845209 0.7425 0.558968058968059 0.745 0.5687960687960688 0.7275 0.5675675675675675 0.7125 0.558968058968059 0.6975 0.5319410319410319 0.6775 0.5036855036855037 0.6775 0.48402948402948404 0.6925 0.4656019656019656 0.7225
0 0.7334152334152334 0.6725 0.7248157248157249 0.7 0.7506142506142506 0.71 0.7764127764127764 0.7075 0.773955773955774 0.675 0.769041769041769 0.665 0.7469287469287469 0.66 0.7334152334152334 0.6725
0 0.300982800982801 0.335 0.2936117936117936 0.345 0.3083538083538084 0.3525 0.3382469287469288 0.3475 0.3402948402948403 0.3375 0.3476658476658477 0.345 0.33046683046683045 0.32 0.3132678132678133 0.335 0.300982800982801 0.335
0 0.5835380835380836 0.6525 0.5798525798525799 0.665 0.5884520884520884 0.695 0.6056511056511057 0.7025 0.6167076167076168 0.6875 0.6081081081081081 0.645 0.5958230958230958 0.6375 0.5835380835380836 0.6525
0 0.4864864864864865 0.7775 0.48402948402948404 0.825 0.4963144963144963 0.86 0.5221130221130221 0.87 0.5528255528255528 0.87 0.5749385749385749 0.86 0.585995085995086 0.84 0.585995085995086 0.7775 0.5687960687960688 0.75 0.5110565110565111 0.75 0.4864864864864865 0.7775
0 0.0085995085995086 0.7225 0.006142506142506142 0.74 0.011056511056511056 0.7425 0.012285012285012284 0.7525 0.006142506142506142 0.755 0.012285012285012284 0.77 0.018427518427518427 0.8125 0.03562653562653563 0.8275 0.06142506142506143 0.8125 0.07002457002457002 0.8 0.10687960687960688 0.7925 0.11179361179361179 0.7775 0.12776412776412777 0.77 0.16461916461916462 0.7725 0.17813267813267813 0.75 0.16461916461916462 0.715 0.14250614250614252 0.695 0.14004914004914004 0.685 0.12407862407862408 0.6675 0.0945945945945946 0.6475 0.07125307125307126 0.6475 0.04668304668304668 0.6625 0.03931203931203931 0.67 0.03931203931203931 0.6875 0.028255528255528257 0.7025 0.013513513513513514 0.7 0.0085995085995086 0.7225
0 0.25184275184275184 0.595 0.2493857493857494 0.635 0.2665847665847666 0.67 0.269041769041769 0.685 0.28132678132678135 0.6925 0.28255528255528256 0.705 0.3046683046683047 0.7075 0.33046683046683045 0.6875 0.31203931203931207 0.6 0.29606879606879605 0.57 0.28255528255528256 0.56 0.2592137592137592 0.565 0.25184275184275184 0.595
0 0.11056511056511056 0.62 0.10073710073710074 0.64 0.10196560196560196 0.6475 0.14004914004914004 0.6775 0.16216216216216217 0.7075 0.1891891891891892 0.7025 0.20884520884520885 0.7275 0.2334152334152334 0.72 0.24078624078624078 0.71 0.24201474201474202 0.685 0.257985257985258 0.6675 0.257985257985258 0.6575 0.24815724815724816 0.6375 0.21007371007371006 0.6075 0.19656019656019655 0.585 0.18181818181818182 0.5775 0.15356265356265356 0.5875 0.11056511056511056 0.62
0 0.6081081081081081 0.6275 0.6068796068796068 0.64 0.6216216216216216 0.69 0.6769041769041769 0.6975 0.6842751842751843 0.6875 0.6842751842751843 0.67 0.6498771498771498 0.615 0.6240786240786241 0.615 0.6081081081081081 0.6275
0 0.12653562653562653 0.355 0.12653562653562653 0.3675 0.11793611793611794 0.3875 0.11916461916461916 0.4 0.1977886977886978 0.405 0.20884520884520885 0.4025 0.2113022113022113 0.395 0.20884520884520885 0.3675 0.19901719901719903 0.3425 0.15356265356265356 0.3325 0.12653562653562653 0.355
0 0.15233415233415235 0.4825 0.14987714987714987 0.49 0.15724815724815724 0.495 0.22481572481572482 0.495 0.23464373464373464 0.485 0.23832923832923833 0.4925 0.20884520884520885 0.4375 0.1941031941031941 0.44 0.15233415233415235 0.4825
0 0.7518427518427518 0.3475 0.7506142506142506 0.3725 0.7407862407862408 0.405 0.8071253071253072 0.405 0.8402948402948403 0.3925 0.8488943488943489 0.3825 0.8378378378378378 0.3425 0.8157248157248157 0.3225 0.7837837837837838 0.32 0.7518427518427518 0.3475
0 0.5454545454545454 0.67 0.5417690417690417 0.6775 0.5442260442260443 0.6825 0.5687960687960688 0.71 0.5872235872235873 0.695 0.585995085995086 0.68 0.5700245700245701 0.65 0.5454545454545454 0.67
0 0.8390663390663391 0.5025 0.8378378378378378 0.555 0.8488943488943489 0.5675 0.8882063882063882 0.57 0.8918918918918919 0.5525 0.9017199017199017 0.5525 0.9238329238329238 0.575 0.9643734643734644 0.5825 0.9705159705159705 0.565 0.9680589680589681 0.5475 0.9434889434889435 0.5025 0.9103194103194103 0.475 0.8746928746928747 0.4775 0.8611793611793612 0.495 0.8390663390663391 0.5025
0 0.28255528255528256 0.4775 0.273955773955774 0.5 0.273955773955774 0.5275 0.2800982800982801 0.5525 0.3095823095823096 0.585 0.3316953316953317 0.665 0.33906633906633904 0.6675 0.3464373464373464 0.6875 0.36732186732186733 0.695 0.4348894348894349 0.7025 0.4484029484029484 0.6925 0.48034398034398035 0.6875 0.5135135135135135 0.6675 0.538083538083538 0.67 0.5626535626535627 0.6475 0.5823095823095823 0.6475 0.6203931203931204 0.6075 0.6302211302211302 0.6075 0.6425061425061425 0.575 0.6412776412776413 0.525 0.6105651105651105 0.48 0.5663390663390664 0.4425 0.4877149877149877 0.4075 0.4312039312039312 0.4 0.35626535626535627 0.4075 0.3095823095823096 0.4375 0.28255528255528256 0.4775
0 0.6523341523341524 0.6125 0.6756756756756757 0.6575 0.6928746928746928 0.675 0.7248157248157249 0.67 0.7235872235872236 0.6525 0.6941031941031941 0.6025 0.6744471744471745 0.5975 0.6523341523341524 0.6125