0 0.7580496780128795 0.405607476635514 0.7562097516099356 0.4130841121495327 0.7617295308187673 0.41682242990654206 0.796688132474701 0.4130841121495327 0.7884084636614536 0.394392523364486 0.7792088316467342 0.38691588785046727 0.7690892364305428 0.38878504672897196 0.7580496780128795 0.405607476635514
0 0.35878564857405704 0.7289719626168224 0.35050597976080955 0.7457943925233644 0.3514259429622815 0.7644859813084112 0.3624655013799448 0.7794392523364486 0.37994480220791166 0.7906542056074767 0.42318307267709293 0.788785046728972 0.43974241030358785 0.77196261682243 0.44342226310947563 0.7495327102803738 0.43974241030358785 0.7271028037383177 0.42870285188592455 0.708411214953271 0.39926402943882244 0.6990654205607477 0.38178472861085555 0.702803738317757 0.35878564857405704 0.7289719626168224
0 0.5584176632934683 0.5457943925233645 0.5556577736890524 0.5570093457943925 0.5611775528978841 0.5626168224299065 0.5887764489420423 0.5626168224299065 0.5952161913523459 0.5570093457943925 0.5896964121435143 0.5233644859813084 0.5850965961361545 0.5196261682242991 0.5740570377184913 0.5214953271028038 0.5584176632934683 0.5457943925233645
0 0.8298068077276909 0.5532710280373832 0.828886844526219 0.5663551401869159 0.8380864765409384 0.5719626168224299 0.8537258509659613 0.5738317757009346 0.8712051517939282 0.5626168224299065 0.8666053357865685 0.5383177570093458 0.859245630174793 0.5214953271028038 0.8445262189512419 0.5271028037383177 0.8298068077276909 0.5532710280373832
0 0.06347746090156393 0.708411214953271 0.062557497700092 0.7158878504672898 0.07083716651333946 0.719626168224299 0.11223551057957681 0.6990654205607477 0.10211591536338546 0.6785046728971963 0.09107635694572216 0.6728971962616822 0.08371665133394664 0.6766355140186916 0.06347746090156393 0.708411214953271
0 0.12051517939282429 0.6373831775700934 0.12143514259429623 0.6672897196261682 0.13983440662373506 0.685981308411215 0.14259429622815087 0.6990654205607477 0.20883164673413063 0.708411214953271 0.21803127874885003 0.6990654205607477 0.23827046918123276 0.6915887850467289 0.24471021159153633 0.6579439252336449 0.24379024839006438 0.6317757009345795 0.22539098436062557 0.6093457943925233 0.16375344986200552 0.5906542056074766 0.14627414903403863 0.5962616822429907 0.12051517939282429 0.6373831775700934
0 0.29622815087396503 0.7757009345794392 0.2934682612695492 0.788785046728972 0.29898804047838085 0.8 0.31186752529898804 0.8093457943925234 0.33026678932842685 0.8093457943925234 0.34130634774609014 0.8018691588785046 0.3514259429622815 0.7794392523364486 0.35050597976080955 0.7682242990654206 0.34314627414903404 0.7495327102803738 0.33394664213431463 0.7401869158878505 0.3137074517019319 0.7439252336448599 0.29622815087396503 0.7757009345794392
0 0.47194112235510577 0.6897196261682244 0.47010119595216193 0.7009345794392523 0.47286108555657774 0.7046728971962617 0.49310027598896045 0.7121495327102804 0.5059797608095676 0.708411214953271 0.5050597976080957 0.6841121495327103 0.49770009199632015 0.6747663551401869 0.48022079116835326 0.6766355140186916 0.47194112235510577 0.6897196261682244
0 0.12143514259429623 0.7364485981308411 0.12419503219871206 0.7420560747663552 0.12051517939282429 0.7644859813084112 0.12235510579576817 0.7850467289719626 0.1297148114075437 0.805607476635514 0.14259429622815087 0.8242990654205608 0.16283348666053357 0.8261682242990654 0.1766329346826127 0.8186915887850468 0.19595216191352346 0.822429906542056 0.22539098436062557 0.8 0.23459061637534498 0.7700934579439253 0.23459061637534498 0.7514018691588785 0.22539098436062557 0.7214953271028037 0.20515179392824287 0.7177570093457943 0.19135234590616376 0.708411214953271 0.1766329346826127 0.708411214953271 0.16191352345906163 0.7177570093457943 0.13983440662373506 0.7158878504672898 0.13063477460901565 0.7214953271028037 0.12143514259429623 0.7364485981308411
0 0.1297148114075437 0.411214953271028 0.12695492180312787 0.41682242990654206 0.12787488500459981 0.42429906542056073 0.1812327506899724 0.4280373831775701 0.17571297148114076 0.4093457943925234 0.16191352345906163 0.38878504672897196 0.14167433302667892 0.3925233644859813 0.1297148114075437 0.411214953271028
0 0.24287028518859247 0.6822429906542056 0.24195032198712052 0.7158878504672898 0.24655013799448022 0.7345794392523365 0.25574977000919963 0.7476635514018691 0.27138914443422263 0.7514018691588785 0.2769089236430543 0.7663551401869159 0.2907083716651334 0.7813084112149533 0.30082796688132474 0.7551401869158878 0.3091076356945722 0.7439252336448599 0.32290708371665133 0.7364485981308411 0.35050597976080955 0.7420560747663552 0.3735050597976081 0.7065420560747664 0.37626494940202393 0.6616822429906543 0.37442502299908004 0.6336448598130842 0.34314627414903404 0.5757009345794393 0.3137074517019319 0.5532710280373832 0.28334866605335784 0.5514018691588785 0.2732290708371665 0.5532710280373832 0.2640294388224471 0.5626168224299065 0.2548298068077277 0.5887850467289719 0.24287028518859247 0.6822429906542056
0 0.6163753449862005 0.49906542056074765 0.6154553817847286 0.5401869158878505 0.6182152713891444 0.5476635514018692 0.6356945722171113 0.5532710280373832 0.6586936522539099 0.5514018691588785 0.6697332106715731 0.5588785046728972 0.6890524379024839 0.5570093457943925 0.6982520699172033 0.5439252336448598 0.7378104875804968 0.5177570093457944 0.7617295308187673 0.5214953271028038 0.764489420423183 0.5121495327102804 0.7626494940202392 0.48411214953271026 0.7479300827966882 0.4504672897196262 0.7258509659613616 0.4130841121495327 0.7148114075436982 0.40186915887850466 0.6908923643054278 0.40186915887850466 0.6853725850965962 0.394392523364486 0.6688132474701012 0.39626168224299063 0.640294388224471 0.41869158878504675 0.6283348666053358 0.4392523364485981 0.6163753449862005 0.49906542056074765
0 0.3781048758049678 0.6205607476635514 0.37718491260349585 0.6542056074766355 0.3845446182152714 0.6635514018691588 0.39558417663293466 0.6953271028037383 0.42686292548298066 0.7046728971962617 0.4406623735050598 0.7271028037383177 0.4452621895124195 0.7495327102803738 0.45354185832566696 0.7420560747663552 0.45998160073597055 0.6635514018691588 0.45078196872125115 0.6411214953271028 0.4250229990800368 0.6261682242990654 0.41306347746090155 0.6261682242990654 0.40018399264029436 0.6130841121495327 0.38822447102115915 0.6130841121495327 0.3781048758049678 0.6205607476635514
0 0.2953081876724931 0.40373831775700936 0.29438822447102114 0.41495327102803736 0.32842686292548295 0.411214953271028 0.32106715731370744 0.394392523364486 0.3155473781048758 0.39065420560747666 0.30358785648574055 0.39065420560747666 0.2953081876724931 0.40373831775700936
0 0.5041398344066237 0.7738317757009345 0.5032198712051518 0.7813084112149533 0.5298988040478381 0.8018691588785046 0.531738730450782 0.8149532710280374 0.5418583256669733 0.8280373831775701 0.5961361545538179 0.8280373831775701 0.5878564857405704 0.7906542056074767 0.5528978840846366 0.7495327102803738 0.5225390984360626 0.7457943925233644 0.5041398344066237 0.7738317757009345