0 0.7357798165137615 0.6573033707865169 0.7339449541284404 0.6966292134831461 0.7394495412844037 0.7172284644194756 0.7477064220183486 0.7322097378277154 0.7761467889908257 0.7453183520599251 0.8119266055045872 0.7453183520599251 0.8238532110091743 0.7378277153558053 0.8403669724770643 0.7153558052434457 0.8431192660550458 0.6947565543071161 0.8394495412844036 0.6666666666666666 0.8339449541284404 0.6554307116104869 0.8110091743119267 0.6254681647940075 0.7944954128440367 0.6142322097378277 0.7660550458715596 0.6179775280898876 0.7477064220183486 0.6329588014981273 0.7357798165137615 0.6573033707865169
0 0.1834862385321101 0.40074906367041196 0.1798165137614679 0.40823970037453183 0.1798165137614679 0.42134831460674155 0.2356266055045872 0.4232209737827715 0.23669724770642203 0.41385767790262173 0.24036697247706423 0.4232209737827715 0.23027522935779818 0.3970037453183521 0.21651376146788992 0.3801498127340824 0.20458715596330276 0.3801498127340824 0.1834862385321101 0.40074906367041196
0 0.001834862385321101 0.6704119850187266 0.001834862385321101 0.7659176029962547 0.03302752293577982 0.7659176029962547 0.04862385321100918 0.7471910112359551 0.06330275229357799 0.7434456928838952 0.07614678899082569 0.7303370786516854 0.06513761467889909 0.6891385767790262 0.05045871559633028 0.6704119850187266 0.03853211009174312 0.6610486891385767 0.01926605504587156 0.6610486891385767 0.001834862385321101 0.6704119850187266
0 0.8880733944954129 0.6704119850187266 0.8862385321100917 0.6891385767790262 0.8944954128440367 0.704119850187266 0.9055045871559633 0.7097378277153558 0.9467889908256881 0.7172284644194756 0.9504587155963303 0.7153558052434457 0.9587155963302753 0.6891385767790262 0.955045871559633 0.653558052434457 0.9513761467889909 0.6385767790262172 0.9431192660550459 0.6254681647940075 0.9128440366972477 0.6254681647940075 0.8880733944954129 0.6704119850187266
0 0.518348623853211 0.7734082397003745 0.5155963302752293 0.7808988764044944 0.5201834862385321 0.7940074906367042 0.5394495412844037 0.8071161048689138 0.5761467889908257 0.8014981273408239 0.5706422018348624 0.7734082397003745 0.518348623853211 0.7734082397003745
0 0.3477064220183486 0.7172284644194756 0.3477064220183486 0.7359550561797753 0.3596330275229358 0.7471910112359551 0.37889908256880733 0.7808988764044944 0.38807339449541284 0.7865168539325843 0.4018348623853211 0.7865168539325843 0.40825688073394495 0.7808988764044944 0.40458715596330275 0.7453183520599251 0.38990825688073394 0.7172284644194756 0.3688073394495413 0.6966292134831461 0.3587155963302752 0.6985018726591761 0.3477064220183486 0.7172284644194756
0 0.6871559633027523 0.5149812734082397 0.6807339449541284 0.5280898876404494 0.7036697247706422 0.5337078651685393 0.7339449541284404 0.5711610486891385 0.7394495412844037 0.5842696629213483 0.7440366972477064 0.6254681647940075 0.755045871559633 0.6254681647940075 0.7752293577981652 0.6123595505617978 0.7972477064220184 0.6123595505617978 0.8431192660550458 0.6610486891385767 0.8660550458715597 0.6610486891385767 0.8779816513761468 0.653558052434457 0.8981651376146789 0.6254681647940075 0.908256880733945 0.5917602996254682 0.908256880733945 0.5692883895131086 0.9146788990825688 0.5355805243445693 0.9110091743119266 0.5 0.8944954128440367 0.46441947565543074 0.863302752293578 0.45692883895131087 0.8366972477064221 0.4419475655430712 0.8036697247706422 0.4419475655430712 0.7963302752293578 0.449438202247191 0.763302752293578 0.45880149812734083 0.7155963302752294 0.4868913857677903 0.6871559633027523 0.5149812734082397
0 0.6018348623853211 0.5861423220973783 0.6018348623853211 0.6067415730337079 0.6229357798165137 0.653558052434457 0.6412844036697247 0.6685393258426966 0.6678899082568808 0.6797752808988764 0.6798165137614679 0.6797752808988764 0.7009174311926606 0.6666666666666666 0.7165137614678899 0.6460674157303371 0.7293577981651376 0.6404494382022472 0.7394495412844037 0.6179775280898876 0.7394495412844037 0.5955056179775281 0.7357798165137615 0.5767790262172284 0.7220183486238532 0.5561797752808989 0.7009174311926606 0.5337078651685393 0.6623853211009174 0.5280898876404494 0.6587155963302752 0.5131086142322098 0.6477064220183486 0.5131086142322098 0.6403669724770642 0.5205992509363296 0.618348623853211 0.5599250936329588 0.6082568807339449 0.5692883895131086 0.6018348623853211 0.5861423220973783
0 0.0944954128440367 0.6460674157303371 0.0908256880733945 0.7059925093632958 0.10458715596330276 0.7528089887640449 0.12660550458715597 0.7453183520599251 0.15137614678899083 0.7602996254681648 0.19357798165137616 0.7528089887640449 0.22110091743119267 0.7359550561797753 0.22660550458715598 0.7172284644194756 0.22385321100917432 0.6947565543071161 0.23394495412844038 0.6460674157303371 0.22568807339449543 0.5917602996254682 0.22018348623853212 0.5823970037453183 0.21559633027522937 0.5617977528089888 0.2036697247706422 0.5411985018726592 0.1926605504587156 0.5318352059925093 0.17522935779816515 0.5337078651685393 0.14036697247706423 0.5561797752808989 0.13302752293577982 0.5561797752808989 0.10275229357798166 0.6086142322097379 0.1 0.6310861423220974 0.0944954128440367 0.6460674157303371
0 0.028440366972477066 0.3857677902621723 0.02018348623853211 0.41385767790262173 0.06307339449541284 0.40823970037453183 0.06330275229357799 0.398876404494382 0.06788990825688074 0.40823970037453183 0.06697247706422019 0.40074906367041196 0.04128440366972477 0.37453183520599254 0.03577981651376147 0.37453183520599254 0.028440366972477066 0.3857677902621723
0 0.5596330275229358 0.5205992509363296 0.5559633027522936 0.5280898876404494 0.5577981651376147 0.5411985018726592 0.5981651376146789 0.5411985018726592 0.6266055045871559 0.5337078651685393 0.6486238532110091 0.5074906367041199 0.6577981651376147 0.5074906367041199 0.6614678899082569 0.5205992509363296 0.6752293577981652 0.5262172284644194 0.6954128440366972 0.5 0.708256880733945 0.49250936329588013 0.7091743119266055 0.4850187265917603 0.681651376146789 0.449438202247191 0.6688073394495413 0.449438202247191 0.6220183486238532 0.46629213483146065 0.5844036697247706 0.5168539325842697 0.5660550458715596 0.5131086142322098 0.5596330275229358 0.5205992509363296
0 0.7045871559633028 0.6966292134831461 0.7018348623853211 0.7078651685393258 0.7018348623853211 0.7322097378277154 0.7045871559633028 0.7359550561797753 0.7293577981651376 0.7378277153558053 0.736697247706422 0.7247191011235955 0.736697247706422 0.7116104868913857 0.7302752293577982 0.6891385767790262 0.708256880733945 0.6891385767790262 0.7045871559633028 0.6966292134831461
0 0.9119266055045872 0.5861423220973783 0.9055045871559633 0.6123595505617978 0.9110091743119266 0.6123595505617978 0.918348623853211 0.6235955056179775 0.9467889908256881 0.6254681647940075 0.9513761467889909 0.6329588014981273 0.9577981651376147 0.6254681647940075 0.9541284403669725 0.5973782771535581 0.9458715596330275 0.5749063670411985 0.9330275229357798 0.5767790262172284 0.9293577981651376 0.5842696629213483 0.9119266055045872 0.5861423220973783
0 0.4041284403669725 0.7340823970037453 0.0009174311926605505 0.003745318352059925
0 0.23302752293577983 0.6704119850187266 0.23119266055045873 0.702247191011236 0.24036697247706423 0.7359550561797753 0.24403669724770644 0.7453183520599251 0.26330275229357797 0.7546816479400749 0.26880733944954127 0.7528089887640449 0.30458715596330277 0.704119850187266 0.3220183486238532 0.704119850187266 0.3440366972477064 0.7172284644194756 0.3559633027522936 0.6985018726591761 0.3724770642201835 0.6966292134831461 0.38073394495412843 0.7078651685393258 0.3908256880733945 0.7097378277153558 0.4 0.6872659176029963 0.4 0.6797752808988764 0.3623853211009174 0.6067415730337079 0.3376146788990826 0.5955056179775281 0.3211009174311927 0.5767790262172284 0.30458715596330277 0.5692883895131086 0.2834862385321101 0.5692883895131086 0.26238532110091745 0.5842696629213483 0.24495412844036699 0.6198501872659176 0.23302752293577983 0.6704119850187266
0 0.26330275229357797 0.7734082397003745 0.26513761467889907 0.799625468164794 0.26146788990825687 0.8220973782771536 0.27889908256880735 0.8220973782771536 0.2834862385321101 0.8277153558052435 0.30825688073394497 0.8277153558052435 0.3394495412844037 0.8146067415730337 0.3513761467889908 0.8071161048689138 0.3660550458715596 0.7865168539325843 0.3614678899082569 0.7528089887640449 0.3522935779816514 0.7453183520599251 0.3394495412844037 0.7191011235955056 0.318348623853211 0.704119850187266 0.30825688073394497 0.704119850187266 0.29541284403669726 0.7172284644194756 0.27155963302752295 0.7509363295880149 0.26330275229357797 0.7734082397003745