0 0.042726347914547304 0.4061224489795918 0.024415055951169887 0.42653061224489797 0.024415055951169887 0.4387755102040816 0.07019328585961343 0.4387755102040816 0.06917599186164802 0.4326530612244898 0.059003051881993895 0.4306122448979592 0.04679552390640895 0.4061224489795918 0.042726347914547304 0.4061224489795918
0 0.5513733468972533 0.5204081632653061 0.5513733468972533 0.5448979591836735 0.5879959308240081 0.5469387755102041 0.595116988809766 0.5387755102040817 0.5940996948118006 0.5306122448979592 0.5798575788402849 0.5081632653061224 0.560528992878942 0.5061224489795918 0.5513733468972533 0.5204081632653061
0 0.8168870803662258 0.5 0.8138351983723296 0.5061224489795918 0.8138351983723296 0.5244897959183673 0.8199389623601221 0.5448979591836735 0.8290946083418108 0.5285714285714286 0.8413021363173957 0.5306122448979592 0.861648016276704 0.5551020408163265 0.884028484231943 0.5530612244897959 0.896236012207528 0.5408163265306123 0.8952187182095626 0.5244897959183673 0.8891149542217701 0.5061224489795918 0.8657171922685656 0.4816326530612245 0.8362156663275687 0.4816326530612245 0.8168870803662258 0.5
0 0.15971515768056968 0.7591836734693878 0.1525940996948118 0.773469387755102 0.1525940996948118 0.7877551020408163 0.15564598168870802 0.7918367346938775 0.18514750762970497 0.7918367346938775 0.18921668362156663 0.789795918367347 0.19328585961342828 0.7755102040816326 0.19226856561546288 0.7591836734693878 0.18514750762970497 0.7489795918367347 0.15971515768056968 0.7591836734693878
0 0.2268565615462869 0.42857142857142855 0.22380467955239064 0.4326530612244898 0.22380467955239064 0.4448979591836735 0.2268565615462869 0.4489795918367347 0.254323499491353 0.4489795918367347 0.24109867751780265 0.41836734693877553 0.237029501525941 0.4163265306122449 0.2268565615462869 0.42857142857142855
0 0.5279755849440488 0.7571428571428571 0.5208545269582909 0.7775510204081633 0.5310274669379451 0.7918367346938775 0.5686673448626653 0.7877551020408163 0.5645981688708036 0.7591836734693878 0.5574771108850458 0.746938775510204 0.54323499491353 0.746938775510204 0.5279755849440488 0.7571428571428571
0 0.358087487283825 0.46530612244897956 0.358087487283825 0.4775510204081633 0.40386571719226855 0.46938775510204084 0.3916581892166836 0.45102040816326533 0.37538148524923703 0.44081632653061226 0.3672431332655137 0.44285714285714284 0.358087487283825 0.46530612244897956
0 0.5025432349949135 0.47551020408163264 0.49847405900305186 0.49387755102040815 0.5055951169888098 0.5 0.5198372329603256 0.5326530612244897 0.5473041709053916 0.5306122448979592 0.5574771108850458 0.5061224489795918 0.5686673448626653 0.4959183673469388 0.5686673448626653 0.47346938775510206 0.5615462868769074 0.4489795918367347 0.560528992878942 0.41836734693877553 0.5564598168870803 0.40816326530612246 0.5198372329603256 0.4346938775510204 0.5025432349949135 0.47551020408163264
0 0.14445574771108852 0.6836734693877551 0.14343845371312308 0.7163265306122449 0.14852492370295015 0.7510204081632653 0.15564598168870802 0.7591836734693878 0.18514750762970497 0.746938775510204 0.19938962360122076 0.7693877551020408 0.23397761953204477 0.763265306122449 0.25025432349949134 0.726530612244898 0.25839267548321465 0.7183673469387755 0.3082400813835198 0.7306122448979592 0.3214649033570702 0.7510204081632653 0.3316378433367243 0.7551020408163265 0.3814852492370295 0.7551020408163265 0.387589013224822 0.746938775510204 0.3916581892166836 0.726530612244898 0.38351983723296035 0.7040816326530612 0.34893184130213634 0.6510204081632653 0.32044760935910477 0.6224489795918368 0.3133265513733469 0.6061224489795919 0.26042726347914547 0.5489795918367347 0.2268565615462869 0.5020408163265306 0.20854526958290945 0.5081632653061224 0.17599186164801628 0.5571428571428572 0.17395727365208546 0.5693877551020409 0.16480162767039674 0.5836734693877551 0.16276703967446593 0.5979591836734693 0.1525940996948118 0.6183673469387755 0.14445574771108852 0.6836734693877551
0 0.6927772126144456 0.5285714285714286 0.6856561546286877 0.5571428571428572 0.6978636826042727 0.5693877551020409 0.7517802644964394 0.5653061224489796 0.7568667344862665 0.563265306122449 0.7599186164801628 0.5530612244897959 0.7527975584944049 0.5163265306122449 0.745676500508647 0.5020408163265306 0.7304170905391658 0.4897959183673469 0.7222787385554426 0.4897959183673469 0.7039674465920651 0.5040816326530613 0.6927772126144456 0.5285714285714286
0 0.2695829094608342 0.45714285714285713 0.2614445574771109 0.47346938775510206 0.2634791454730417 0.47551020408163264 0.26653102746693796 0.46530612244897956 0.26932858596134285 0.47551020408163264 0.3285859613428281 0.47346938775510206 0.3224821973550356 0.45102040816326533 0.306205493387589 0.4346938775510204 0.28789420142421157 0.4346938775510204 0.2695829094608342 0.45714285714285713
0 0.624618514750763 0.5530612244897959 0.6225839267548321 0.573469387755102 0.6256358087487284 0.5775510204081633 0.6826042726347915 0.5693877551020409 0.681586978636826 0.5387755102040817 0.6785350966429298 0.5306122448979592 0.646998982706002 0.5387755102040817 0.624618514750763 0.5530612244897959
0 0.8769074262461851 0.45510204081632655 0.8708036622583927 0.46938775510204084 0.9186164801627671 0.4714285714285714 0.9175991861648016 0.45918367346938777 0.9033570701932858 0.4387755102040816 0.8880976602238047 0.4387755102040816 0.8769074262461851 0.45510204081632655
0 0.8260427263479145 0.536734693877551 0.8199389623601221 0.5510204081632653 0.8250254323499492 0.573469387755102 0.8575788402848423 0.573469387755102 0.8575788402848423 0.5510204081632653 0.8484231943031536 0.5448979591836735 0.8423194303153612 0.5326530612244897 0.8290946083418108 0.5306122448979592 0.8260427263479145 0.536734693877551
0 0.46795523906408953 0.49795918367346936 0.46795523906408953 0.5142857142857142 0.4598168870803662 0.5244897959183673 0.4598168870803662 0.5408163265306123 0.46795523906408953 0.5653061224489796 0.5055951169888098 0.5551020408163265 0.5157680569684638 0.5408163265306123 0.5157680569684638 0.5244897959183673 0.5076297049847406 0.5020408163265306 0.49643947100712105 0.5 0.4862665310274669 0.4897959183673469 0.46795523906408953 0.49795918367346936
0 0.5686673448626653 0.3693877551020408 0.5696846388606307 0.4142857142857143 0.5666327568667345 0.4346938775510204 0.572736520854527 0.5040816326530613 0.582909460834181 0.5081632653061224 0.5991861648016277 0.5408163265306123 0.6307222787385555 0.5469387755102041 0.6449643947100712 0.5346938775510204 0.671414038657172 0.5265306122448979 0.688708036622584 0.5326530612244897 0.7039674465920651 0.5 0.7202441505595117 0.48367346938775513 0.7446592065106816 0.49795918367346936 0.7507629704984741 0.5163265306122449 0.7568667344862665 0.5061224489795918 0.7558494404883012 0.44285714285714284 0.7385554425228891 0.373469387755102 0.698880976602238 0.2938775510204082 0.6785350966429298 0.2693877551020408 0.646998982706002 0.26326530612244897 0.5920651068158698 0.30612244897959184 0.5768056968463886 0.32857142857142857 0.5686673448626653 0.3693877551020408
0 0.23092573753814852 0.7816326530612245 0.2288911495422177 0.8 0.24923702950152593 0.8142857142857143 0.29399796541200407 0.8183673469387756 0.306205493387589 0.8142857142857143 0.32044760935910477 0.8 0.32451678535096645 0.7918367346938775 0.32451678535096645 0.7653061224489796 0.3133265513733469 0.7408163265306122 0.29196337741607326 0.7387755102040816 0.2797558494404883 0.726530612244898 0.25737538148524924 0.7224489795918367 0.24923702950152593 0.7306122448979592 0.2461851475076297 0.746938775510204 0.2380467955239064 0.7591836734693878 0.2380467955239064 0.7693877551020408 0.23092573753814852 0.7816326530612245