0 0.847758887171561 0.373536299765808 0.847758887171561 0.39344262295081966 0.8539412673879444 0.39695550351288056 0.8778979907264297 0.3981264637002342 0.9041731066460588 0.38992974238875877 0.9173106646058733 0.37822014051522246 0.9281298299845441 0.3770491803278688 0.9296754250386399 0.3629976580796253 0.9250386398763524 0.3583138173302108 0.9026275115919629 0.35362997658079626 0.875579598145286 0.3583138173302108 0.8531684698608965 0.3665105386416862 0.847758887171561 0.373536299765808
0 0.7295208655332303 0.3044496487119438 0.7287480680061824 0.3161592505854801 0.7341576506955177 0.3255269320843091 0.7534775888717156 0.3255269320843091 0.7619783616692427 0.3161592505854801 0.758887171561051 0.30210772833723654 0.7472952086553323 0.2939110070257611 0.7372488408037094 0.29508196721311475 0.7295208655332303 0.3044496487119438
0 0.08346213292117466 0.40866510538641687 0.080370942812983 0.4180327868852459 0.080370942812983 0.4238875878220141 0.08346213292117466 0.4274004683840749 0.09659969088098919 0.4332552693208431 0.11823802163833076 0.4332552693208431 0.14528593508500773 0.42505854800936765 0.16846986089644514 0.4063231850117096 0.1839258114374034 0.40046838407494145 0.18778979907264295 0.38992974238875877 0.1839258114374034 0.3770491803278688 0.16537867078825347 0.3559718969555035 0.15069551777434312 0.3442622950819672 0.14064914992272023 0.3430913348946136 0.11282843894899536 0.36065573770491804 0.08346213292117466 0.40866510538641687
0 0.47836166924265844 0.4238875878220141 0.46908809891808345 0.4379391100702576 0.46908809891808345 0.44730679156908665 0.47449768160741884 0.45901639344262296 0.48377125193199383 0.4672131147540984 0.4938176197836167 0.48360655737704916 0.5046367851622875 0.4847775175644028 0.5378670788253478 0.4601873536299766 0.5378670788253478 0.45433255269320844 0.5342604327666152 0.44886768149882905 0.517774343122102 0.4297423887587822 0.4860896445131376 0.4215456674473068 0.47836166924265844 0.4238875878220141
0 0.4768160741885626 0.3911007025761124 0.4752704791344668 0.40046838407494145 0.4860896445131376 0.4215456674473068 0.5023183925811437 0.42271662763466045 0.5115919629057187 0.4168618266978923 0.5200927357032458 0.4180327868852459 0.5502318392581144 0.40866510538641687 0.5486862442040186 0.39227166276346603 0.5378670788253478 0.37236533957845436 0.5301391035548686 0.36768149882903983 0.5023183925811437 0.3665105386416862 0.4768160741885626 0.3911007025761124
0 0.5247295208655333 0.3079625292740047 0.5231839258114374 0.3231850117096019 0.535548686244204 0.32669789227166274 0.5409582689335394 0.3372365339578454 0.5595054095826894 0.3372365339578454 0.5641421947449768 0.33138173302107726 0.5625965996908809 0.3044496487119438 0.5540958268933539 0.2939110070257611 0.5363214837712519 0.2939110070257611 0.5247295208655333 0.3079625292740047
0 0.9335394126738794 0.1721311475409836 0.9312210200927357 0.1920374707259953 0.9389489953632149 0.20374707259953162 0.9528593508500772 0.202576112412178 0.9559505409582689 0.20960187353629978 0.9667697063369397 0.21194379391100704 0.9860896445131375 0.20960187353629978 0.990726429675425 0.202576112412178 0.982225656877898 0.1686182669789227 0.9768160741885626 0.16159250585480095 0.9574961360123647 0.16510538641686182 0.9420401854714064 0.16276346604215455 0.9335394126738794 0.1721311475409836
0 0.17619783616692428 0.24355971896955503 0.17619783616692428 0.26346604215456676 0.18006182380216385 0.2716627634660422 0.19319938176197837 0.2728337236533958 0.20401854714064915 0.26697892271662765 0.20401854714064915 0.23653395784543327 0.2009273570324575 0.2306791569086651 0.1846986089644513 0.23185011709601874 0.17619783616692428 0.24355971896955503
0 0.7264296754250387 0.7412177985948478 0.7256568778979907 0.7552693208430913 0.7287480680061824 0.765807962529274 0.7395672333848532 0.7681498829039812 0.7426584234930448 0.7786885245901639 0.7534775888717156 0.7892271662763466 0.7952086553323029 0.7833723653395784 0.7982998454404946 0.7786885245901639 0.8029366306027821 0.7552693208430913 0.8013910355486863 0.7189695550351288 0.7975270479134466 0.6990632318501171 0.794435857805255 0.6943793911007026 0.785935085007728 0.6920374707259953 0.7712519319938176 0.6955503512880562 0.758887171561051 0.7072599531615925 0.7472952086553323 0.7107728337236534 0.7341576506955177 0.7213114754098361 0.7264296754250387 0.7412177985948478
0 0.3091190108191654 0.5971896955503513 0.3083462132921175 0.6065573770491803 0.312210200927357 0.6217798594847775 0.31916537867078826 0.6334894613583139 0.32921174652241114 0.6416861826697893 0.3462132921174652 0.6346604215456675 0.35239567233384855 0.6252927400468384 0.35316846986089645 0.6100702576112412 0.3500772797527048 0.6053864168618267 0.3500772797527048 0.5995316159250585 0.34234930448222567 0.5878220140515222 0.3176197836166924 0.5901639344262295 0.3091190108191654 0.5971896955503513
0 0.3786707882534776 0.8946135831381733 0.3755795981452859 0.905152224824356 0.3755795981452859 0.9168618266978923 0.38176197836166925 0.9625292740046838 0.3894899536321484 0.9754098360655737 0.40571870170015456 0.977751756440281 0.41653786707882534 0.9859484777517564 0.42890262751159197 0.9847775175644028 0.44513137557959814 0.955503512880562 0.45826893353941267 0.949648711943794 0.4605873261205564 0.9437939110070258 0.4714064914992272 0.936768149882904 0.48299845440494593 0.9215456674473068 0.48299845440494593 0.9168618266978923 0.4775888717156105 0.9133489461358314 0.47449768160741884 0.8805620608899297 0.4721792890262751 0.8770491803278688 0.455177743431221 0.8747072599531616 0.44899536321483774 0.8641686182669789 0.4428129829984544 0.8618266978922716 0.40649149922720246 0.8653395784543325 0.3910355486862442 0.8770491803278688 0.3786707882534776 0.8946135831381733
0 0.6081916537867079 0.3747072599531616 0.60741885625966 0.38173302107728335 0.6097372488408037 0.382903981264637 0.6499227202472952 0.3770491803278688 0.6561051004636785 0.37236533957845436 0.660741885625966 0.3477751756440281 0.651468315301391 0.3407494145199063 0.6352395672333848 0.3407494145199063 0.6236476043276662 0.34894613583138173 0.6081916537867079 0.3747072599531616
0 0.04404945904173107 0.4894613583138173 0.04095826893353941 0.49414519906323184 0.04173106646058733 0.5035128805620609 0.0517774343122102 0.5210772833723654 0.08809891808346214 0.5234192037470726 0.10200927357032458 0.5163934426229508 0.09582689335394126 0.49063231850117095 0.08809891808346214 0.48360655737704916 0.04404945904173107 0.4894613583138173
0 0.11205564142194745 0.7049180327868853 0.10200927357032458 0.7189695550351288 0.10200927357032458 0.7283372365339579 0.11823802163833076 0.7423887587822015 0.1391035548686244 0.7423887587822015 0.15687789799072643 0.7201405152224825 0.15378670788253476 0.7084309133489461 0.14064914992272023 0.6978922716627635 0.1213292117465224 0.6978922716627635 0.11205564142194745 0.7049180327868853
0 0.23802163833075735 0.2529274004683841 0.23493044822256567 0.25644028103044497 0.23493044822256567 0.26229508196721313 0.23956723338485317 0.2681498829039813 0.2697063369397218 0.2681498829039813 0.2758887171561051 0.26229508196721313 0.2743431221020093 0.24941451990632318 0.26584234930448225 0.24473067915690866 0.24884080370942813 0.2459016393442623 0.23802163833075735 0.2529274004683841
0 0.7735703245749613 0.8629976580796253 0.7735703245749613 0.8758782201405152 0.7782071097372488 0.8875878220140515 0.7789799072642968 0.9004683840749415 0.7959814528593508 0.9332552693208431 0.8176197836166924 0.9473067915690867 0.8361669242658424 0.9473067915690867 0.8423493044822257 0.9461358313817331 0.8523956723338485 0.936768149882904 0.8593508500772797 0.9098360655737705 0.874806800618238 0.8887587822014051 0.8771251931993818 0.8559718969555035 0.8686244204018547 0.84192037470726 0.8547140649149922 0.8302107728337237 0.80370942812983 0.8185011709601874 0.7836166924265843 0.8313817330210773 0.7735703245749613 0.8629976580796253
0 0.49768160741885625 0.2822014051522248 0.49768160741885625 0.29156908665105385 0.5131375579598145 0.2927400468384075 0.527047913446677 0.2810304449648712 0.527047913446677 0.2681498829039813 0.5216383307573416 0.25878220140515223 0.5131375579598145 0.2576112412177986 0.49768160741885625 0.2822014051522248
0 0.01313755795981453 0.6943793911007026 0.011591962905718702 0.7400468384074942 0.019319938176197836 0.7634660421545667 0.03245749613601236 0.775175644028103 0.04173106646058733 0.7786885245901639 0.09350850077279753 0.7763466042154566 0.12287480680061824 0.7681498829039812 0.12982998454404945 0.7552693208430913 0.12596599690880989 0.7459016393442623 0.10123647604327667 0.7388758782201406 0.09350850077279753 0.7236533957845434 0.08268933539412673 0.7166276346604216 0.08268933539412673 0.7096018735362998 0.08500772797527048 0.7084309133489461 0.08732612055641421 0.6978922716627635 0.080370942812983 0.6850117096018735 0.061051004636785165 0.6873536299765808 0.05255023183925812 0.6978922716627635 0.04404945904173107 0.6838407494145199 0.02704791344667697 0.680327868852459 0.01313755795981453 0.6943793911007026
0 0.16306027820710975 0.34543325526932084 0.16228748068006182 0.35362997658079626 0.18083462132921174 0.3747072599531616 0.18778979907264295 0.38992974238875877 0.19165378670788252 0.38992974238875877 0.21792890262751158 0.3770491803278688 0.2302936630602782 0.36533957845433257 0.2403400309119011 0.3442622950819672 0.24806800618238023 0.3395784543325527 0.24806800618238023 0.33138173302107726 0.23724884080370942 0.3185011709601874 0.2287480680061824 0.319672131147541 0.21947449768160743 0.32669789227166274 0.20247295208655333 0.3185011709601874 0.1893353941267388 0.319672131147541 0.17387944358578053 0.32903981264637 0.16306027820710975 0.34543325526932084
0 0.18701700154559506 0.797423887587822 0.18547140649149924 0.8056206088992974 0.20401854714064915 0.8243559718969555 0.2117465224111283 0.8266978922716628 0.24420401854714066 0.8278688524590164 0.2697063369397218 0.8138173302107728 0.2697063369397218 0.8056206088992974 0.26197836166924265 0.7892271662763466 0.2596599690880989 0.7775175644028103 0.24652241112828438 0.7681498829039812 0.23183925811437403 0.7681498829039812 0.21947449768160743 0.7775175644028103 0.2063369397217929 0.7798594847775175 0.18701700154559506 0.797423887587822
0 0.8307573415765069 0.6007025761124122 0.8276661514683153 0.6159250585480094 0.8230293663060279 0.6217798594847775 0.8230293663060279 0.6288056206088993 0.847758887171561 0.6440281030444965 0.8686244204018547 0.6451990632318502 0.874806800618238 0.6381733021077284 0.8802163833075735 0.6217798594847775 0.8856259659969088 0.6159250585480094 0.883307573415765 0.6112412177985949 0.883307573415765 0.6007025761124122 0.8802163833075735 0.5960187353629977 0.883307573415765 0.5901639344262295 0.8809891808346213 0.5936768149882904 0.8724884080370943 0.5901639344262295 0.8709428129829985 0.5936768149882904 0.8346213292117465 0.5971896955503513 0.8307573415765069 0.6007025761124122
0 0.26584234930448225 0.4168618266978923 0.2596599690880989 0.4262295081967213 0.2596599690880989 0.43676814988290397 0.26275115919629055 0.44379391100702575 0.26738794435857804 0.45081967213114754 0.2890262751159196 0.45550351288056207 0.3083462132921175 0.446135831381733 0.3176197836166924 0.43676814988290397 0.3284389489953632 0.42271662763466045 0.32921174652241114 0.4133489461358314 0.3276661514683153 0.4028103044496487 0.3083462132921175 0.4016393442622951 0.2982998454404946 0.3946135831381733 0.2928902627511592 0.3946135831381733 0.2789799072642968 0.4016393442622951 0.26584234930448225 0.4168618266978923
0 0.22102009273570325 0.8793911007025761 0.22024729520865532 0.9110070257611241 0.23493044822256567 0.9180327868852459 0.26197836166924265 0.9168618266978923 0.2928902627511592 0.9039812646370023 0.3083462132921175 0.9016393442622951 0.31375579598145287 0.8969555035128806 0.31916537867078826 0.8852459016393442 0.31916537867078826 0.8782201405152225 0.31375579598145287 0.8641686182669789 0.2975270479134467 0.8395784543325527 0.27666151468315303 0.8372365339578455 0.27279752704791344 0.8337236533957846 0.2650695517774343 0.8337236533957846 0.258887171561051 0.8395784543325527 0.2426584234930448 0.8454332552693209 0.223338485316847 0.8688524590163934 0.22102009273570325 0.8793911007025761
0 0.29598145285935085 0.7236533957845434 0.2921174652241113 0.7306791569086651 0.2921174652241113 0.7423887587822015 0.2982998454404946 0.747072599531616 0.3068006182380216 0.7517564402810304 0.3222565687789799 0.7517564402810304 0.33075734157650694 0.7435597189695551 0.3284389489953632 0.7306791569086651 0.3114374034003091 0.711943793911007 0.3068006182380216 0.711943793911007 0.29598145285935085 0.7236533957845434
0 0.740340030911901 0.9332552693208431 0.7395672333848532 0.949648711943794 0.7488408037094282 0.9543325526932084 0.7650695517774343 0.9519906323185011 0.7782071097372488 0.9414519906323185 0.7720247295208655 0.927400468384075 0.7565687789799073 0.9156908665105387 0.7511591962905718 0.9168618266978923 0.740340030911901 0.9332552693208431
0 0.8153013910355487 0.550351288056206 0.8153013910355487 0.5679156908665105 0.8199381761978362 0.5807962529274004 0.8276661514683153 0.5796252927400468 0.8346213292117465 0.5843091334894613 0.8809891808346213 0.5843091334894613 0.8863987635239567 0.5796252927400468 0.8856259659969088 0.5655737704918032 0.8778979907264297 0.5526932084309133 0.8701700154559505 0.5480093676814989 0.866306027820711 0.5409836065573771 0.8562596599690881 0.5362997658079626 0.8261205564142194 0.5362997658079626 0.8153013910355487 0.550351288056206
0 0.714064914992272 0.6861826697892272 0.7125193199381762 0.7037470725995316 0.7187017001545595 0.7142857142857143 0.7279752704791345 0.7142857142857143 0.7434312210200927 0.7060889929742389 0.7426584234930448 0.6978922716627635 0.731839258114374 0.6861826697892272 0.7248840803709428 0.6826697892271663 0.714064914992272 0.6861826697892272
0 0.5857805255023184 0.29156908665105385 0.5850077279752705 0.2997658079625293 0.5880989180834622 0.30562060889929743 0.606646058732612 0.30679156908665106 0.6352395672333848 0.3009367681498829 0.6352395672333848 0.29508196721311475 0.6290571870170015 0.27985948477751754 0.6221020092735703 0.2786885245901639 0.6097372488408037 0.2681498829039813 0.5989180834621329 0.2693208430913349 0.58887171561051 0.2822014051522248 0.5857805255023184 0.29156908665105385
0 0.5417310664605873 0.6264637002341921 0.5417310664605873 0.6405152224824356 0.5548686244204019 0.6510538641686182 0.5826893353941267 0.6533957845433255 0.5942812982998454 0.65807962529274 0.6012364760432767 0.6533957845433255 0.6027820710973725 0.6346604215456675 0.5989180834621329 0.6194379391100703 0.5935085007727975 0.6100702576112412 0.5525502318392581 0.6088992974238876 0.5417310664605873 0.6264637002341921
0 0.8670788253477589 0.9391100702576113 0.8647604327666152 0.9625292740046838 0.8863987635239567 0.9789227166276346 0.9080370942812983 0.9754098360655737 0.9173106646058733 0.9672131147540983 0.9296754250386399 0.9625292740046838 0.9250386398763524 0.9168618266978923 0.9095826893353941 0.8864168618266979 0.9010819165378671 0.8864168618266979 0.8894899536321483 0.8946135831381733 0.8670788253477589 0.9391100702576113
0 0.25193199381761977 0.3407494145199063 0.24574961360123648 0.34543325526932084 0.24574961360123648 0.351288056206089 0.27125193199381764 0.3629976580796253 0.30216383307573413 0.36533957845433257 0.31530139103554866 0.3700234192037471 0.3230293663060278 0.3665105386416862 0.31993817619783615 0.34192037470725994 0.3068006182380216 0.32084309133489464 0.29520865533230295 0.32084309133489464 0.25193199381761977 0.3407494145199063
0 0.3670788253477589 0.7810304449648712 0.36398763523956723 0.8009367681498829 0.3910355486862442 0.8009367681498829 0.3995363214837713 0.788056206088993 0.40571870170015456 0.7716627634660421 0.40494590417310666 0.7587822014051522 0.4026275115919629 0.7552693208430913 0.39258114374034003 0.7552693208430913 0.37248840803709427 0.7704918032786885 0.3670788253477589 0.7810304449648712
0 0.1375579598145286 0.44028103044496486 0.13523956723338484 0.45081967213114754 0.13523956723338484 0.4859484777517564 0.13833075734157652 0.4953161592505855 0.1561051004636785 0.5081967213114754 0.178516228748068 0.5117096018735363 0.18238021638330756 0.5152224824355972 0.21792890262751158 0.5105386416861827 0.23106646058732613 0.5011709601873536 0.2426584234930448 0.47540983606557374 0.23415765069551778 0.4496487119437939 0.23183925811437403 0.4344262295081967 0.2187017001545595 0.41569086651053866 0.20401854714064915 0.4063231850117096 0.1731066460587326 0.4063231850117096 0.14219474497681608 0.42857142857142855 0.1375579598145286 0.44028103044496486
0 0.03632148377125193 0.5901639344262295 0.03323029366306028 0.6042154566744731 0.0347758887171561 0.6276346604215457 0.03863987635239567 0.6346604215456675 0.05023183925811438 0.6405152224824356 0.07882534775888717 0.6416861826697893 0.12982998454404945 0.65807962529274 0.15687789799072643 0.65807962529274 0.16228748068006182 0.6533957845433255 0.15919629057187018 0.6053864168618267 0.14683153013910355 0.5761124121779859 0.13987635239567234 0.5702576112412178 0.12364760432766615 0.5655737704918032 0.07959814528593509 0.5644028103044496 0.04404945904173107 0.5761124121779859 0.03632148377125193 0.5901639344262295
0 0.04095826893353941 0.8548009367681498 0.0401854714064915 0.8735362997658079 0.030911901081916538 0.8911007025761124 0.03323029366306028 0.9121779859484778 0.0401854714064915 0.9250585480093677 0.09505409582689335 0.927400468384075 0.10432766615146831 0.9238875878220141 0.11282843894899536 0.914519906323185 0.11591962905718702 0.8641686182669789 0.10973724884080371 0.8454332552693209 0.062596599690881 0.8313817330210773 0.04095826893353941 0.8548009367681498
0 0.46445131375579596 0.7189695550351288 0.46908809891808345 0.7552693208430913 0.482225656877898 0.7552693208430913 0.5030911901081917 0.7646370023419203 0.5255023183925811 0.765807962529274 0.5301391035548686 0.7599531615925058 0.5301391035548686 0.7189695550351288 0.5200927357032458 0.7084309133489461 0.47449768160741884 0.7072599531615925 0.46986089644513135 0.7096018735362998 0.46445131375579596 0.7189695550351288
0 0.955177743431221 0.6112412177985949 0.9497681607418856 0.6206088992974239 0.9497681607418856 0.6334894613583139 0.9536321483771252 0.6405152224824356 0.9829984544049459 0.6451990632318502 0.999227202472952 0.6405152224824356 0.999227202472952 0.5737704918032787 0.9891808346213292 0.5772833723653396 0.955177743431221 0.6112412177985949
0 0.42581143740340033 0.797423887587822 0.4242658423493045 0.8161592505854801 0.419629057187017 0.8313817330210773 0.419629057187017 0.8536299765807962 0.44513137557959814 0.8583138173302107 0.455177743431221 0.8723653395784543 0.47295208655332305 0.8758782201405152 0.47990726429675423 0.8911007025761124 0.4938176197836167 0.8934426229508197 0.535548686244204 0.8899297423887588 0.5455950540958269 0.8782201405152225 0.5486862442040186 0.8676814988290398 0.5455950540958269 0.8430913348946136 0.535548686244204 0.819672131147541 0.5324574961360123 0.8161592505854801 0.5255023183925811 0.8161592505854801 0.5015455950540958 0.7939110070257611 0.4474497681607419 0.7763466042154566 0.43353941267387947 0.7810304449648712 0.42581143740340033 0.797423887587822
0 0.3176197836166924 0.5690866510538641 0.3168469860896445 0.5784543325526932 0.31993817619783615 0.5819672131147541 0.3415765069551777 0.5796252927400468 0.35857805255023184 0.5690866510538641 0.3616692426584235 0.5620608899297423 0.3616692426584235 0.5526932084309133 0.35780525502318394 0.5386416861826698 0.35239567233384855 0.531615925058548 0.34853168469860896 0.531615925058548 0.3276661514683153 0.5491803278688525 0.3176197836166924 0.5690866510538641
0 0.38098918083462135 0.6007025761124122 0.3802163833075734 0.6053864168618267 0.38871715610510044 0.6135831381733021 0.4180834621329212 0.617096018735363 0.4281298299845441 0.6042154566744731 0.4281298299845441 0.594847775175644 0.419629057187017 0.5761124121779859 0.41035548686244205 0.5749414519906323 0.3948995363214838 0.585480093676815 0.38098918083462135 0.6007025761124122
0 0.005409582689335394 0.3091334894613583 0 0.31381733021077285 0 0.4016393442622951 0.062596599690881 0.4016393442622951 0.0695517774343122 0.3981264637002342 0.07650695517774343 0.3864168618266979 0.08268933539412673 0.3407494145199063 0.07882534775888717 0.32669789227166274 0.07032457496136012 0.31381733021077285 0.05795981452859351 0.3044496487119438 0.03632148377125193 0.297423887587822 0.019319938176197836 0.3009367681498829 0.005409582689335394 0.3091334894613583
0 0.5757341576506955 0.9016393442622951 0.5749613601236476 0.9086651053864169 0.5826893353941267 0.9192037470725996 0.5826893353941267 0.9250585480093677 0.5880989180834622 0.9355971896955504 0.6097372488408037 0.9473067915690867 0.6213292117465224 0.9473067915690867 0.6329211746522411 0.9355971896955504 0.6483771251931993 0.9309133489461359 0.651468315301391 0.9262295081967213 0.6506955177743431 0.9098360655737705 0.6460587326120556 0.9016393442622951 0.6391035548686245 0.8969555035128806 0.6112828438948995 0.8899297423887588 0.5965996908809892 0.8899297423887588 0.5850077279752705 0.8934426229508197 0.5757341576506955 0.9016393442622951
0 0.12905718701700156 0.8594847775175644 0.1275115919629057 0.8653395784543325 0.13523956723338484 0.8852459016393442 0.14528593508500773 0.8887587822014051 0.16228748068006182 0.8782201405152225 0.17542503863987635 0.8747072599531616 0.18160741885625967 0.8629976580796253 0.18160741885625967 0.8536299765807962 0.17619783616692428 0.84192037470726 0.16460587326120557 0.8302107728337237 0.15301391035548687 0.8278688524590164 0.14683153013910355 0.8313817330210773 0.14605873261205565 0.8384074941451991 0.12905718701700156 0.8594847775175644
0 0.24884080370942813 0.5386416861826698 0.24884080370942813 0.5515222482435597 0.26275115919629055 0.5714285714285714 0.2782071097372488 0.5843091334894613 0.2936630602782071 0.5843091334894613 0.3068006182380216 0.5796252927400468 0.3160741885625966 0.5714285714285714 0.3230293663060278 0.5550351288056206 0.3230293663060278 0.5468384074941453 0.3176197836166924 0.544496487119438 0.31375579598145287 0.5362997658079626 0.2921174652241113 0.5281030444964872 0.26197836166924265 0.5257611241217799 0.24884080370942813 0.5386416861826698
0 0.22642967542503864 0.6838407494145199 0.2241112828438949 0.6978922716627635 0.23261205564142196 0.7072599531615925 0.25734157650695516 0.7189695550351288 0.27202472952086554 0.7177985948477752 0.2758887171561051 0.711943793911007 0.2758887171561051 0.6873536299765808 0.250386398763524 0.6697892271662763 0.23724884080370942 0.6733021077283372 0.22642967542503864 0.6838407494145199
0 0.4026275115919629 0.30210772833723654 0.40108191653786707 0.30562060889929743 0.40571870170015456 0.3091334894613583 0.42890262751159197 0.3079625292740047 0.44513137557959814 0.3044496487119438 0.4474497681607419 0.297423887587822 0.43972179289026275 0.28454332552693207 0.4250386398763524 0.28337236533957844 0.41190108191653785 0.29156908665105385 0.4026275115919629 0.30210772833723654