0 0.8507246376811595 0.34148727984344424 0.13333333333333333 0.10371819960861056
0 0.18985507246376812 0.37573385518590996 0.07536231884057971 0.06262230919765166
0 0.4543478260869565 0.6115459882583171 0.41884057971014493 0.487279843444227
0 0.2898550724637681 0.33463796477495106 0.0463768115942029 0.03522504892367906
0 0.4101449275362319 0.30430528375733856 0.04927536231884058 0.03718199608610567
0 0.48840579710144927 0.3131115459882583 0.034782608695652174 0.023483365949119372
0 0.9710144927536232 0.3062622309197652 0.03768115942028986 0.029354207436399216
0 0.08550724637681159 0.3287671232876712 0.028985507246376812 0.0273972602739726
0 0.11159420289855072 0.32974559686888455 0.02608695652173913 0.025440313111545987
0 0.6978260869565217 0.46477495107632094 0.050724637681159424 0.03718199608610567
0 0.691304347826087 0.2964774951076321 0.028985507246376812 0.029354207436399216
0 0.47246376811594204 0.34833659491193736 0.02318840579710145 0.019569471624266144
0 0.14492753623188406 0.3287671232876712 0.028985507246376812 0.015655577299412915
0 0.5463768115942029 0.31702544031311153 0.02318840579710145 0.023483365949119372
0 0.6398550724637682 0.31702544031311153 0.015942028985507246 0.019569471624266144
0 0.6086956521739131 0.2984344422700587 0.02608695652173913 0.01761252446183953
0 0.7137681159420289 0.3101761252446184 0.02753623188405797 0.025440313111545987
0 0.7507246376811594 0.31702544031311153 0.020289855072463767 0.015655577299412915
0 0.0536231884057971 0.37377690802348335 0.028985507246376812 0.015655577299412915
0 0.9217391304347826 0.5039138943248532 0.02318840579710145 0.0136986301369863
0 0.3289855072463768 0.32289628180039137 0.02608695652173913 0.015655577299412915
0 0.13405797101449277 0.4452054794520548 0.02753623188405797 0.021526418786692758
0 0.7760869565217391 0.3669275929549902 0.030434782608695653 0.025440313111545987
0 0.3681159420289855 0.31604696673189825 0.020289855072463767 0.0136986301369863
0 0.5652173913043478 0.30430528375733856 0.020289855072463767 0.01761252446183953
0 0.7398550724637681 0.30039138943248533 0.013043478260869565 0.01761252446183953
0 0.8260869565217391 0.2964774951076321 0.03188405797101449 0.025440313111545987