0 0.7572254335260116 0.7519607843137255 0.0838150289017341 0.0803921568627451
0 0.3092485549132948 0.7754901960784314 0.023121387283236993 0.021568627450980392
0 0.41401734104046245 0.8274509803921568 0.0476878612716763 0.043137254901960784
0 0.4963872832369942 0.7431372549019608 0.044797687861271675 0.043137254901960784
0 0.36560693641618497 0.7490196078431373 0.04046242774566474 0.023529411764705882
0 0.5505780346820809 0.7666666666666667 0.04046242774566474 0.0392156862745098
0 0.6466763005780347 0.7647058823529411 0.024566473988439308 0.023529411764705882
0 0.7088150289017341 0.7980392156862746 0.05635838150289017 0.047058823529411764
0 0.4682080924855491 0.7843137254901961 0.02023121387283237 0.01568627450980392
0 0.4342485549132948 0.7627450980392156 0.033236994219653176 0.0196078431372549
0 0.44508670520231214 0.8137254901960784 0.031791907514450865 0.03137254901960784
0 0.13583815028901733 0.792156862745098 0.04046242774566474 0.0392156862745098
0 0.6640173410404624 0.7843137254901961 0.02167630057803468 0.01568627450980392
0 0.5079479768786127 0.7696078431372549 0.01878612716763006 0.01764705882352941
0 0.6011560693641619 0.8431372549019608 0.023121387283236993 0.01568627450980392
0 0.5223988439306358 0.7833333333333333 0.02167630057803468 0.01764705882352941