0 0.8806306306306306 0.6513761467889908 0.8783783783783784 0.7018348623853211 0.8851351351351351 0.7110091743119266 0.9279279279279279 0.7110091743119266 0.9391891891891891 0.6972477064220184 0.9391891891891891 0.6651376146788991 0.8806306306306306 0.6513761467889908
0 0.03153153153153153 0.7522935779816514 0.03153153153153153 0.7752293577981652 0.05630630630630631 0.7752293577981652 0.06981981981981981 0.8073394495412844 0.10810810810810811 0.8073394495412844 0.1373873873873874 0.7935779816513762 0.1463963963963964 0.7660550458715596 0.1463963963963964 0.7110091743119266 0.13963963963963963 0.6834862385321101 0.11936936936936937 0.6697247706422018 0.11486486486486487 0.6834862385321101 0.06981981981981981 0.6972477064220184 0.03153153153153153 0.7522935779816514
0 0.45045045045045046 0.42201834862385323 0.44819819819819817 0.44495412844036697 0.46396396396396394 0.44495412844036697 0.47072072072072074 0.42201834862385323 0.481981981981982 0.44036697247706424 0.46846846846846846 0.41284403669724773 0.45045045045045046 0.42201834862385323
0 0.13513513513513514 0.5045871559633027 0.11936936936936937 0.536697247706422 0.11936936936936937 0.5871559633027523 0.23873873873873874 0.5871559633027523 0.23648648648648649 0.5412844036697247 0.20045045045045046 0.5045871559633027 0.13513513513513514 0.5045871559633027
0 0.1981981981981982 0.6467889908256881 0.19144144144144143 0.7293577981651376 0.20045045045045046 0.7889908256880734 0.21846846846846846 0.8119266055045872 0.268018018018018 0.8256880733944955 0.27927927927927926 0.7981651376146789 0.30405405405405406 0.7844036697247706 0.3333333333333333 0.8302752293577982 0.3490990990990991 0.8256880733944955 0.36711711711711714 0.7798165137614679 0.38963963963963966 0.7981651376146789 0.4009009009009009 0.7752293577981652 0.38738738738738737 0.6743119266055045 0.36711711711711714 0.6651376146788991 0.33783783783783783 0.6192660550458715 0.2882882882882883 0.591743119266055 0.25 0.591743119266055 0.2072072072072072 0.6238532110091743 0.1981981981981982 0.6467889908256881
0 0.740990990990991 0.7706422018348624 0.740990990990991 0.7935779816513762 0.7477477477477478 0.7660550458715596 0.759009009009009 0.7981651376146789 0.7680180180180181 0.7935779816513762 0.7612612612612613 0.7614678899082569 0.740990990990991 0.7706422018348624
0 0.40765765765765766 0.6238532110091743 0.4009009009009009 0.6559633027522935 0.42792792792792794 0.6834862385321101 0.46621621621621623 0.6788990825688074 0.4774774774774775 0.6467889908256881 0.4617117117117117 0.6009174311926605 0.43243243243243246 0.6009174311926605 0.40765765765765766 0.6238532110091743
0 0.5202702702702703 0.5458715596330275 0.5180180180180181 0.6009174311926605 0.5382882882882883 0.6192660550458715 0.5382882882882883 0.6513761467889908 0.5653153153153153 0.6651376146788991 0.6171171171171171 0.6330275229357798 0.6418918918918919 0.6788990825688074 0.6509009009009009 0.6651376146788991 0.6644144144144144 0.6651376146788991 0.668918918918919 0.6834862385321101 0.6891891891891891 0.6697247706422018 0.7004504504504504 0.6834862385321101 0.740990990990991 0.6788990825688074 0.8063063063063063 0.6467889908256881 0.8198198198198198 0.6055045871559633 0.8175675675675675 0.555045871559633 0.7882882882882883 0.48623853211009177 0.777027027027027 0.42660550458715596 0.7274774774774775 0.3486238532110092 0.704954954954955 0.3394495412844037 0.6351351351351351 0.3440366972477064 0.5878378378378378 0.3761467889908257 0.5202702702702703 0.5458715596330275
0 0.509009009009009 0.6972477064220184 0.509009009009009 0.7201834862385321 0.5315315315315315 0.7155963302752294 0.527027027027027 0.6880733944954128 0.509009009009009 0.6972477064220184
0 0.6666666666666666 0.7201834862385321 0.6576576576576577 0.7431192660550459 0.7027027027027027 0.7339449541284404 0.6869369369369369 0.7018348623853211 0.6666666666666666 0.7201834862385321
0 0.3581081081081081 0.8027522935779816 0.3490990990990991 0.8302752293577982 0.35135135135135137 0.8577981651376146 0.38513513513513514 0.8577981651376146 0.39864864864864863 0.8440366972477065 0.3716216216216216 0.7844036697247706 0.3581081081081081 0.8027522935779816
0 0.42792792792792794 0.7339449541284404 0.42792792792792794 0.7798165137614679 0.44594594594594594 0.7935779816513762 0.4797297297297297 0.7844036697247706 0.4797297297297297 0.7522935779816514 0.46396396396396394 0.7293577981651376 0.42792792792792794 0.7339449541284404
0 0.4752252252252252 0.6513761467889908 0.47072072072072074 0.6834862385321101 0.4774774774774775 0.6972477064220184 0.509009009009009 0.6972477064220184 0.5382882882882883 0.6651376146788991 0.536036036036036 0.6238532110091743 0.527027027027027 0.6146788990825688 0.48873873873873874 0.6238532110091743 0.4752252252252252 0.6513761467889908
0 0.4617117117117117 0.5 0.4594594594594595 0.518348623853211 0.5095720720720721 0.5091743119266054 0.5112612612612613 0.48623853211009177 0.5225225225225225 0.5091743119266054 0.5045045045045045 0.4724770642201835 0.4774774774774775 0.47706422018348627 0.46846846846846846 0.5137614678899083 0.4617117117117117 0.5
0 0.5788288288288288 0.6651376146788991 0.5698198198198198 0.6834862385321101 0.5698198198198198 0.7110091743119266 0.5765765765765766 0.7155963302752294 0.6081081081081081 0.7110091743119266 0.6351351351351351 0.6880733944954128 0.6351351351351351 0.6697247706422018 0.6193693693693694 0.6467889908256881 0.5788288288288288 0.6651376146788991
0 0.2725225225225225 0.8165137614678899 0.2725225225225225 0.8623853211009175 0.32882882882882886 0.8623853211009175 0.32882882882882886 0.8302752293577982 0.3063063063063063 0.7935779816513762 0.28153153153153154 0.7981651376146789 0.2725225225225225 0.8165137614678899