0 0.3624641833810888 0.4990079365079365 0.03151862464183381 0.025793650793650792
0 0.2786532951289398 0.5228174603174603 0.027220630372492838 0.03373015873015873
0 0.6905444126074498 0.6190476190476191 0.04297994269340974 0.04365079365079365
0 0.15544412607449856 0.6904761904761905 0.11318051575931232 0.14682539682539683
0 0.11891117478510028 0.5138888888888888 0.04297994269340974 0.04365079365079365
0 0.3653295128939828 0.5674603174603174 0.04871060171919771 0.05555555555555555
0 0.8438395415472779 0.6468253968253969 0.09169054441260745 0.09523809523809523
0 0.5078796561604585 0.5277777777777778 0.027220630372492838 0.031746031746031744
0 0.6611747851002865 0.8204365079365079 0.13896848137535817 0.14484126984126985
0 0.47421203438395415 0.5049603174603174 0.022922636103151862 0.017857142857142856
0 0.4992836676217765 0.5863095238095238 0.04727793696275072 0.041666666666666664
0 0.5157593123209169 0.685515873015873 0.08595988538681948 0.10119047619047619
0 0.21991404011461319 0.5327380952380952 0.05300859598853868 0.061507936507936505
0 0.6819484240687679 0.5615079365079365 0.04297994269340974 0.04365079365079365
0 0.4584527220630373 0.5525793650793651 0.054441260744985676 0.07738095238095238
0 0.45630372492836674 0.8343253968253969 0.05300859598853868 0.03373015873015873
0 0.5931232091690545 0.5376984126984127 0.04297994269340974 0.04365079365079365
0 0.4068767908309456 0.4603174603174603 0.022922636103151862 0.023809523809523808
0 0.336676217765043 0.4851190476190476 0.02865329512893983 0.025793650793650792
0 0.5186246418338109 0.4305555555555556 0.025787965616045846 0.023809523809523808
0 0.7213467048710601 0.44543650793650796 0.02148997134670487 0.017857142857142856
0 0.4520057306590258 0.4652777777777778 0.02148997134670487 0.025793650793650792