0 0.7774699907663897 0.39219330855018586 0.7746999076638966 0.40892193308550184 0.7793167128347184 0.43308550185873607 0.7968605724838412 0.5037174721189591 0.8024007386888273 0.5148698884758365 0.8107109879963066 0.5204460966542751 0.8254847645429363 0.516728624535316 0.8568790397045245 0.5464684014869888 0.876269621421976 0.5353159851301115 0.8753462603878116 0.4962825278810409 0.8679593721144968 0.4646840148698885 0.8319482917820868 0.38847583643122674 0.8180978762696214 0.3736059479553903 0.7931671283471837 0.3680297397769517 0.7857802400738689 0.3736059479553903 0.7774699907663897 0.39219330855018586
0 0.7562326869806094 0.5483271375464684 0.7497691597414589 0.550185873605948 0.7580794090489381 0.550185873605948 0.7562326869806094 0.5483271375464684
0 0.7220683287165282 0.4758364312267658 0.7192982456140351 0.49070631970260226 0.7202216066481995 0.5074349442379182 0.7294552169898431 0.5055762081784386 0.739612188365651 0.49256505576208176 0.7479224376731302 0.49256505576208176 0.7506925207756233 0.5055762081784386 0.7673130193905817 0.5241635687732342 0.7719298245614035 0.5353159851301115 0.7774699907663897 0.5297397769516728 0.7857802400738689 0.533457249070632 0.7959372114496768 0.5037174721189591 0.7793167128347184 0.44423791821561337 0.7765466297322253 0.41821561338289964 0.76269621421976 0.38847583643122674 0.7497691597414589 0.39219330855018586 0.7460757156048015 0.4033457249070632 0.7405355493998154 0.4070631970260223 0.7331486611265005 0.42936802973977695 0.7322253000923361 0.4479553903345725 0.7220683287165282 0.4758364312267658
0 0.3979686057248384 0.7843866171003717 0.39704524469067404 0.7973977695167286 0.39242843951985223 0.8066914498141264 0.39242843951985223 0.8197026022304833 0.40627885503231764 0.8382899628252788 0.44321329639889195 0.8308550185873605 0.46352723915050786 0.8345724907063197 0.4773776546629732 0.8048327137546468 0.47460757156048017 0.7881040892193308 0.4616805170821791 0.7620817843866171 0.4312096029547553 0.7565055762081785 0.4247460757156048 0.7472118959107806 0.41089566020313945 0.7565055762081785 0.3979686057248384 0.7843866171003717
0 0.036011080332409975 0.4646840148698885 0.029547553093259463 0.47769516728624534 0.029547553093259463 0.4851301115241636 0.03508771929824561 0.5 0.04155124653739612 0.5037174721189591 0.05817174515235457 0.5037174721189591 0.06371191135734072 0.4962825278810409 0.08310249307479224 0.5037174721189591 0.09602954755309326 0.4944237918215613 0.08956602031394276 0.4684014869888476 0.08217913204062789 0.4516728624535316 0.07571560480147738 0.44609665427509293 0.05170821791320406 0.4479553903345725 0.036011080332409975 0.4646840148698885
0 0.6620498614958449 0.7118959107806692 0.6583564173591875 0.7230483271375465 0.6454293628808865 0.7397769516728625 0.6481994459833795 0.7546468401486989 0.6611265004616805 0.7657992565055762 0.6805170821791321 0.7713754646840149 0.7082179132040628 0.7695167286245354 0.7248384118190212 0.7453531598513011 0.7239150507848569 0.7286245353159851 0.7137580794090489 0.7118959107806692 0.6971375807940905 0.6970260223048327 0.6749769159741459 0.6951672862453532 0.6620498614958449 0.7118959107806692
0 0.8051708217913204 0.7843866171003717 0.8060941828254847 0.7973977695167286 0.8097876269621422 0.8011152416356877 0.8476454293628809 0.8104089219330854 0.8384118190212373 0.7806691449814126 0.8310249307479224 0.7713754646840149 0.8180978762696214 0.7713754646840149 0.8051708217913204 0.7843866171003717
0 0.2742382271468144 0.5799256505576208 0.2659279778393352 0.5966542750929368 0.2659279778393352 0.620817843866171 0.2742382271468144 0.6486988847583643 0.29270544783010155 0.6524163568773235 0.3010156971375808 0.6394052044609665 0.31763619575253926 0.6431226765799256 0.33240997229916897 0.6282527881040892 0.33702677746999077 0.6133828996282528 0.3231763619575254 0.5855018587360595 0.30932594644506 0.5762081784386617 0.3047091412742382 0.5650557620817844 0.29085872576177285 0.5650557620817844 0.2742382271468144 0.5799256505576208
0 0.10987996306555864 0.6115241635687733 0.10710987996306556 0.6263940520446096 0.11449676823638043 0.6301115241635687 0.1523545706371191 0.6245353159851301 0.15881809787626963 0.6115241635687733 0.16712834718374883 0.6096654275092936 0.1698984302862419 0.5817843866171004 0.16066481994459833 0.5687732342007435 0.1394275161588181 0.5687732342007435 0.123730378578024 0.5836431226765799 0.10987996306555864 0.6115241635687733
0 0.32132963988919666 0.7769516728624535 0.32132963988919666 0.7862453531598513 0.3397968605724838 0.8011152416356877 0.36472760849492153 0.8011152416356877 0.3684210526315789 0.7899628252788105 0.37580794090489383 0.7843866171003717 0.36472760849492153 0.7602230483271375 0.3564173591874423 0.758364312267658 0.33240997229916897 0.7620817843866171 0.32132963988919666 0.7769516728624535
0 0.5198522622345337 0.8066914498141264 0.5189289012003694 0.8159851301115242 0.5300092336103417 0.8308550185873605 0.5493998153277931 0.8382899628252788 0.577100646352724 0.8382899628252788 0.5955678670360111 0.8271375464684015 0.5983379501385041 0.7899628252788105 0.590027700831025 0.7620817843866171 0.5715604801477377 0.758364312267658 0.5300092336103417 0.7899628252788105 0.5198522622345337 0.8066914498141264
0 0.3407202216066482 0.6133828996282528 0.3397968605724838 0.6338289962825279 0.33702677746999077 0.637546468401487 0.33702677746999077 0.6579925650557621 0.3397968605724838 0.6635687732342007 0.3536472760849492 0.6672862453531598 0.36472760849492153 0.6784386617100372 0.38688827331486614 0.6784386617100372 0.41458910433979684 0.6654275092936803 0.41458910433979684 0.637546468401487 0.41089566020313945 0.6263940520446096 0.38688827331486614 0.6003717472118959 0.3591874422899354 0.5947955390334573 0.3508771929824561 0.5985130111524164 0.3407202216066482 0.6133828996282528
0 0.1348107109879963 0.4368029739776952 0.13388734995383195 0.4479553903345725 0.1772853185595568 0.4479553903345725 0.18559556786703602 0.4423791821561338 0.17543859649122806 0.41821561338289964 0.16897506925207756 0.4144981412639405 0.15143120960295475 0.41821561338289964 0.1348107109879963 0.4368029739776952
0 0.17820867959372114 0.5650557620817844 0.1698984302862419 0.5817843866171004 0.1698984302862419 0.6226765799256505 0.17266851338873498 0.6263940520446096 0.17266851338873498 0.6394052044609665 0.1809787626962142 0.654275092936803 0.19205909510618652 0.654275092936803 0.19667590027700832 0.6431226765799256 0.20498614958448755 0.6394052044609665 0.21329639889196675 0.654275092936803 0.2234533702677747 0.6561338289962825 0.23545706371191136 0.6449814126394052 0.2409972299168975 0.6486988847583643 0.2548476454293629 0.6245353159851301 0.2520775623268698 0.5910780669144982 0.22899353647276086 0.550185873605948 0.19390581717451524 0.5520446096654275 0.17820867959372114 0.5650557620817844
0 0.2696214219759926 0.550185873605948 0.26869806094182824 0.5687732342007435 0.27146814404432135 0.5762081784386617 0.28624192059095105 0.5650557620817844 0.30378578024007385 0.5613382899628253 0.33425669436749766 0.5966542750929368 0.3674976915974146 0.5910780669144982 0.39242843951985223 0.5985130111524164 0.41089566020313945 0.5947955390334573 0.42197599261311175 0.604089219330855 0.42566943674976915 0.5947955390334573 0.42197599261311175 0.5204460966542751 0.4053554939981533 0.43308550185873607 0.394275161588181 0.40892193308550184 0.36934441366574333 0.39776951672862454 0.33425669436749766 0.4200743494423792 0.3204062788550323 0.44609665427509293 0.3074792243767313 0.45724907063197023 0.2742382271468144 0.5297397769516728 0.2696214219759926 0.550185873605948
0 0.7192982456140351 0.6840148698884758 0.7192982456140351 0.6970260223048327 0.7146814404432132 0.7118959107806692 0.7192982456140351 0.7156133828996283 0.7276084949215144 0.741635687732342 0.7359187442289935 0.7434944237918215 0.7414589104339797 0.7565055762081785 0.7820867959372114 0.7620817843866171 0.791320406278855 0.7546468401486989 0.7903970452446907 0.7286245353159851 0.7710064635272391 0.6728624535315985 0.7442289935364728 0.671003717472119 0.7349953831948292 0.6802973977695167 0.7192982456140351 0.6840148698884758
0 0.4533702677746999 0.6579925650557621 0.45060018467220686 0.7063197026022305 0.45614035087719296 0.7342007434944238 0.4644506001846722 0.7527881040892194 0.4801477377654663 0.7620817843866171 0.4884579870729455 0.7769516728624535 0.5050784856879039 0.7713754646840149 0.5503231763619575 0.7713754646840149 0.5687903970452447 0.7565055762081785 0.590027700831025 0.7565055762081785 0.5983379501385041 0.7620817843866171 0.6121883656509696 0.7546468401486989 0.6260387811634349 0.7323420074349443 0.6426592797783933 0.7323420074349443 0.6648199445983379 0.6970260223048327 0.6648199445983379 0.6654275092936803 0.6398891966759003 0.6115241635687733 0.631578947368421 0.604089219330855 0.6066481994459834 0.5539033457249071 0.5964912280701754 0.5483271375464684 0.5743305632502308 0.5092936802973977 0.5521698984302862 0.49256505576208176 0.5272391505078485 0.49256505576208176 0.5004616805170822 0.516728624535316 0.48938134810710987 0.5390334572490706 0.4856879039704525 0.5650557620817844 0.469067405355494 0.5947955390334573 0.4533702677746999 0.6579925650557621
0 0.579870729455217 0.4739776951672863 0.5817174515235457 0.48141263940520446 0.5983379501385041 0.48141263940520446 0.6204986149584487 0.47769516728624534 0.6223453370267775 0.4684014869888476 0.6121883656509696 0.4368029739776952 0.6038781163434903 0.4349442379182156 0.5909510618651893 0.4479553903345725 0.579870729455217 0.4739776951672863
0 0.19759926131117267 0.6431226765799256 0.19205909510618652 0.654275092936803 0.1948291782086796 0.6728624535315985 0.2059095106186519 0.6765799256505576 0.21606648199445982 0.6691449814126395 0.21421975992613113 0.654275092936803 0.2077562326869806 0.6431226765799256 0.19759926131117267 0.6431226765799256