0 0.8161559888579387 0.4632768361581921 0.8124419684308264 0.487758945386064 0.8180129990714949 0.5141242937853108 0.8245125348189415 0.5216572504708098 0.8347260909935005 0.5291902071563088 0.851439182915506 0.527306967984934 0.861652739090065 0.5386064030131826 0.8783658310120706 0.5348399246704332 0.8848653667595172 0.5235404896421846 0.8848653667595172 0.504708097928437 0.8774373259052924 0.4764595103578154 0.8467966573816156 0.4350282485875706 0.8310120705663882 0.4406779661016949 0.8161559888579387 0.4632768361581921
0 0.12163416898792943 0.7024482109227872 0.12349117920148561 0.7325800376647834 0.14391829155060354 0.7419962335216572 0.15970287836583102 0.736346516007533 0.16434540389972144 0.711864406779661 0.1764159702878366 0.7024482109227872 0.1764159702878366 0.6892655367231638 0.17177344475394615 0.6685499058380414 0.15691736304549675 0.6629001883239172 0.13463324048282266 0.67984934086629 0.12163416898792943 0.7024482109227872
0 0.7493036211699164 0.4613935969868173 0.7493036211699164 0.4821092278719397 0.7808727948003714 0.5178907721280602 0.8068709377901578 0.4971751412429379 0.8105849582172702 0.4821092278719397 0.8096564531104921 0.4613935969868173 0.8022284122562674 0.4425612052730697 0.7855153203342619 0.4293785310734463 0.7641597028783659 0.4293785310734463 0.7493036211699164 0.4613935969868173
0 0.011142061281337047 0.6045197740112994 0.008356545961002786 0.615819209039548 0 0.6195856873822976 0 0.6854990583804144 0.052924791086350974 0.6854990583804144 0.059424326833797586 0.6741996233521658 0.07242339832869081 0.6666666666666666 0.06963788300835655 0.6346516007532956 0.057567316620241414 0.608286252354049 0.039925719591457756 0.5969868173258004 0.02321262766945218 0.5969868173258004 0.011142061281337047 0.6045197740112994
0 0.16620241411327763 0.5630885122410546 0.16527390900649955 0.5781544256120528 0.16991643454038996 0.5932203389830508 0.16991643454038996 0.6440677966101694 0.1764159702878366 0.6836158192090396 0.1903435468895079 0.7231638418079096 0.1959145775301764 0.7306967984934086 0.21262766945218198 0.7306967984934086 0.22098421541318478 0.7212806026365348 0.23026926648096566 0.7212806026365348 0.24419684308263695 0.736346516007533 0.2692664809656453 0.7382297551789078 0.2999071494893222 0.7156308851224106 0.31847725162488394 0.7250470809792844 0.3333333333333333 0.743879472693032 0.3695450324976787 0.743879472693032 0.3816155988857939 0.7382297551789078 0.3881151346332405 0.7250470809792844 0.3983286908077994 0.7250470809792844 0.4178272980501393 0.7137476459510358 0.4243268337975859 0.6949152542372882 0.42525533890436396 0.6572504708097928 0.42246982358402974 0.6384180790960452 0.4113277623026927 0.5988700564971752 0.39275766016713093 0.551789077212806 0.3806870937790158 0.5348399246704332 0.36675951717734445 0.527306967984934 0.3500464252553389 0.4990583804143126 0.3370473537604457 0.4971751412429379 0.329619312906221 0.487758945386064 0.308263695450325 0.480225988700565 0.2989786443825441 0.4708097928436911 0.23026926648096566 0.4708097928436911 0.2191272051996286 0.4821092278719397 0.20334261838440112 0.487758945386064 0.19127205199628597 0.5028248587570622 0.16620241411327763 0.5630885122410546
0 0.39740018570102137 0.4256120527306968 0.3955431754874652 0.4350282485875706 0.39925719591457753 0.4369114877589454 0.43546889507892295 0.4350282485875706 0.42525533890436396 0.4105461393596987 0.40668523676880225 0.4124293785310734 0.39740018570102137 0.4256120527306968
0 0.9229340761374187 0.5386064030131826 0.9220055710306406 0.5536723163841808 0.9285051067780873 0.5612052730696798 0.9545032497678737 0.5612052730696798 0.9600742804085423 0.551789077212806 0.9517177344475395 0.5329566854990584 0.9415041782729805 0.5216572504708098 0.9294336118848654 0.527306967984934 0.9229340761374187 0.5386064030131826
0 0.04085422469823584 0.5178907721280602 0.039925719591457756 0.5630885122410546 0.04735376044568245 0.5894538606403014 0.059424326833797586 0.6026365348399246 0.09006499535747446 0.6045197740112994 0.1392757660167131 0.591337099811676 0.1467038068709378 0.576271186440678 0.1532033426183844 0.5743879472693032 0.1680594243268338 0.551789077212806 0.181058495821727 0.519774011299435 0.18384401114206128 0.504708097928437 0.17548746518105848 0.4821092278719397 0.1541318477251625 0.4576271186440678 0.15134633240482823 0.448210922787194 0.13370473537604458 0.4463276836158192 0.12627669452181986 0.4519774011299435 0.08449396471680594 0.4538606403013183 0.07242339832869081 0.4595103578154426 0.059424326833797586 0.4745762711864407 0.04085422469823584 0.5178907721280602
0 0.11142061281337047 0.6685499058380414 0.10863509749303621 0.67984934086629 0.11234911792014857 0.6836158192090396 0.1327762302692665 0.67984934086629 0.1467038068709378 0.6629001883239172 0.16341689879294335 0.6572504708097928 0.16434540389972144 0.6440677966101694 0.15784586815227483 0.632768361581921 0.1374187558031569 0.6346516007532956 0.12813370473537605 0.64030131826742 0.11142061281337047 0.6685499058380414
0 0.7808727948003714 0.5404896421845574 0.7827298050139275 0.551789077212806 0.8217270194986073 0.551789077212806 0.8263695450324977 0.5329566854990584 0.8226555246053854 0.5216572504708098 0.8161559888579387 0.5160075329566854 0.7910863509749304 0.5103578154425612 0.7808727948003714 0.5404896421845574
0 0.26369545032497677 0.7551789077212806 0.2627669452181987 0.7721280602636534 0.265552460538533 0.7853107344632768 0.27019498607242337 0.7947269303201506 0.28133704735376047 0.8022598870056498 0.32219127205199627 0.8022598870056498 0.3370473537604457 0.7909604519774012 0.34447539461467036 0.7777777777777778 0.34447539461467036 0.7645951035781544 0.33797585886722376 0.7495291902071564 0.30362116991643456 0.71939736346516 0.29619312906220985 0.71939736346516 0.2776230269266481 0.7382297551789078 0.2720519962859796 0.7382297551789078 0.26369545032497677 0.7551789077212806
0 0.47075208913649025 0.4463276836158192 0.46982358402971214 0.455743879472693 0.4735376044568245 0.4632768361581921 0.5171773444753947 0.4632768361581921 0.531104921077066 0.4576271186440678 0.5273909006499535 0.4387947269303202 0.5181058495821727 0.4331450094161959 0.4948932219127205 0.4350282485875706 0.4911792014856082 0.4293785310734463 0.4828226555246054 0.4293785310734463 0.4753946146703807 0.4350282485875706 0.47075208913649025 0.4463276836158192
0 0.6666666666666666 0.4011299435028249 0.6629526462395543 0.4124293785310734 0.6666666666666666 0.4218455743879473 0.702878365831012 0.4218455743879473 0.7112349117920148 0.416195856873823 0.7047353760445683 0.4011299435028249 0.6945218198700093 0.4048964218455744 0.6870937790157846 0.3879472693032015 0.6740947075208914 0.3879472693032015 0.6666666666666666 0.4011299435028249
0 0.10584958217270195 0.7551789077212806 0.1021355617455896 0.7608286252354048 0.1021355617455896 0.7721280602636534 0.10677808727948004 0.7853107344632768 0.12070566388115135 0.7890772128060264 0.14113277623026926 0.7740112994350282 0.13556174558960074 0.7532956685499058 0.12813370473537605 0.743879472693032 0.10584958217270195 0.7551789077212806
0 0.7093779015784587 0.4821092278719397 0.7047353760445683 0.5084745762711864 0.7000928505106778 0.5160075329566854 0.7047353760445683 0.5404896421845574 0.72330547818013 0.5461393596986818 0.7465181058495822 0.544256120527307 0.7678737233054782 0.527306967984934 0.7725162488393686 0.5160075329566854 0.7623026926648097 0.5103578154425612 0.7604456824512534 0.4971751412429379 0.7400185701021356 0.4708097928436911 0.7214484679665738 0.4708097928436911 0.7093779015784587 0.4821092278719397
0 0.1764159702878366 0.8135593220338984 0.17548746518105848 0.8380414312617702 0.20984215413184773 0.8418079096045198 0.22562674094707522 0.8361581920903954 0.22841225626740946 0.8305084745762712 0.22098421541318478 0.8173258003766478 0.2135561745589601 0.7890772128060264 0.20334261838440112 0.7890772128060264 0.1764159702878366 0.8135593220338984