0 0.8117539026629935 0.4832089552238806 0.8108356290174472 0.498134328358209 0.8163452708907254 0.5055970149253731 0.9054178145087236 0.5130597014925373 0.9100091827364555 0.5093283582089553 0.90633608815427 0.48880597014925375 0.8971533516988063 0.4664179104477612 0.8760330578512396 0.43283582089552236 0.8512396694214877 0.43283582089552236 0.837465564738292 0.44029850746268656 0.8117539026629935 0.4832089552238806
0 0.2745638200183655 0.5839552238805971 0.26905417814508725 0.5914179104477612 0.2727272727272727 0.6007462686567164 0.3076216712580349 0.6007462686567164 0.325068870523416 0.6138059701492538 0.33608815426997246 0.6343283582089553 0.36363636363636365 0.6268656716417911 0.36179981634527086 0.5746268656716418 0.35537190082644626 0.5503731343283582 0.35720844811753905 0.5354477611940298 0.35353535353535354 0.5279850746268657 0.3204775022956841 0.5354477611940298 0.310376492194674 0.5447761194029851 0.3021120293847567 0.5615671641791045 0.2745638200183655 0.5839552238805971
0 0.711662075298439 0.625 0.7107438016528925 0.6343283582089553 0.7208448117539027 0.6529850746268657 0.7254361799816346 0.6735074626865671 0.7346189164370982 0.6828358208955224 0.7676767676767676 0.6996268656716418 0.8099173553719008 0.6958955223880597 0.8108356290174472 0.6660447761194029 0.7768595041322314 0.6044776119402985 0.7566574839302111 0.5783582089552238 0.7346189164370982 0.5783582089552238 0.7254361799816346 0.5839552238805971 0.7153351698806244 0.6044776119402985 0.711662075298439 0.625
0 0.7741046831955923 0.5839552238805971 0.768595041322314 0.5914179104477612 0.7823691460055097 0.6100746268656716 0.7915518824609734 0.6343283582089553 0.7988980716253443 0.6399253731343284 0.8145087235996327 0.6772388059701493 0.8438934802571166 0.6940298507462687 0.8420569329660239 0.6529850746268657 0.8099173553719008 0.5951492537313433 0.7897153351698806 0.5839552238805971 0.7741046831955923 0.5839552238805971
0 0.509641873278237 0.8208955223880597 0.5087235996326905 0.8302238805970149 0.5142332415059688 0.8414179104477612 0.5537190082644629 0.8414179104477612 0.5500459136822773 0.8246268656716418 0.5381083562901745 0.8078358208955224 0.5133149678604224 0.8115671641791045 0.509641873278237 0.8208955223880597
0 0.3709825528007346 0.6735074626865671 0.36363636363636365 0.6865671641791045 0.36363636363636365 0.6958955223880597 0.3746556473829201 0.7164179104477612 0.39944903581267216 0.7257462686567164 0.418732782369146 0.7257462686567164 0.43342516069788795 0.7164179104477612 0.4325068870523416 0.6902985074626866 0.40128558310376494 0.6567164179104478 0.3820018365472911 0.6604477611940298 0.3709825528007346 0.6735074626865671
0 0.19375573921028466 0.6753731343283582 0.19467401285583102 0.7126865671641791 0.25436179981634527 0.7425373134328358 0.29935720844811753 0.7425373134328358 0.3085399449035813 0.7350746268656716 0.325068870523416 0.7332089552238806 0.3379247015610652 0.7220149253731343 0.34710743801652894 0.6940298507462687 0.3415977961432507 0.6567164179104478 0.32966023875114786 0.6268656716417911 0.3213957759412305 0.6138059701492538 0.3085399449035813 0.6044776119402985 0.263544536271809 0.6007462686567164 0.24242424242424243 0.6100746268656716 0.22497704315886133 0.6268656716417911 0.21395775941230485 0.6305970149253731 0.19375573921028466 0.6753731343283582
0 0.19008264462809918 0.4533582089552239 0.18824609733700642 0.47574626865671643 0.29292929292929293 0.47574626865671643 0.2745638200183655 0.44029850746268656 0.2644628099173554 0.43283582089552236 0.2598714416896235 0.417910447761194 0.25068870523415976 0.41044776119402987 0.21487603305785125 0.4141791044776119 0.2056932966023875 0.42350746268656714 0.19008264462809918 0.4533582089552239
0 0.6198347107438017 0.6660447761194029 0.6170798898071626 0.6772388059701493 0.6179981634527089 0.707089552238806 0.6253443526170799 0.7257462686567164 0.6455463728191001 0.75 0.667584940312213 0.7593283582089553 0.6923783287419651 0.7555970149253731 0.7134986225895317 0.7425373134328358 0.7235996326905417 0.7220149253731343 0.7180899908172635 0.6828358208955224 0.6877869605142333 0.6436567164179104 0.6556473829201102 0.6343283582089553 0.63544536271809 0.6473880597014925 0.6198347107438017 0.6660447761194029
0 0.49127640036730946 0.6902985074626866 0.48760330578512395 0.7126865671641791 0.4967860422405877 0.7332089552238806 0.5142332415059688 0.75 0.5289256198347108 0.7555970149253731 0.566574839302112 0.7518656716417911 0.5858585858585859 0.7388059701492538 0.5959595959595959 0.7257462686567164 0.5977961432506887 0.7164179104477612 0.5959595959595959 0.6902985074626866 0.5904499540863177 0.6772388059701493 0.5785123966942148 0.6604477611940298 0.5619834710743802 0.6473880597014925 0.527089072543618 0.6529850746268657 0.5041322314049587 0.6697761194029851 0.49127640036730946 0.6902985074626866
0 0.36363636363636365 0.48507462686567165 0.3590449954086318 0.5317164179104478 0.36455463728191 0.5764925373134329 0.36455463728191 0.6044776119402985 0.3691460055096419 0.6268656716417911 0.3783287419651056 0.6305970149253731 0.3856749311294766 0.6473880597014925 0.40312213039485767 0.6529850746268657 0.4297520661157025 0.6828358208955224 0.4637281910009183 0.6902985074626866 0.4820936639118457 0.6865671641791045 0.5289256198347108 0.6473880597014925 0.5610651974288338 0.6436567164179104 0.5858585858585859 0.664179104477612 0.5950413223140496 0.6660447761194029 0.6124885215794307 0.6604477611940298 0.6143250688705234 0.6529850746268657 0.6244260789715336 0.6436567164179104 0.6363636363636364 0.6436567164179104 0.660238751147842 0.6268656716417911 0.6887052341597796 0.625 0.6923783287419651 0.6175373134328358 0.7052341597796143 0.6175373134328358 0.7098255280073462 0.6082089552238806 0.7144168962350781 0.582089552238806 0.7180899908172635 0.5279850746268657 0.7180899908172635 0.48507462686567165 0.7153351698806244 0.47761194029850745 0.7144168962350781 0.4458955223880597 0.7098255280073462 0.43097014925373134 0.6978879706152433 0.3451492537313433 0.682277318640955 0.28544776119402987 0.6657483930211203 0.2574626865671642 0.6510560146923783 0.21641791044776118 0.6418732782369146 0.208955223880597 0.6290174471992653 0.1865671641791045 0.6134067952249771 0.16977611940298507 0.5730027548209367 0.15298507462686567 0.5087235996326905 0.16977611940298507 0.46831955922865015 0.19962686567164178 0.4315886134067952 0.2462686567164179 0.39761248852157943 0.3246268656716418 0.3884297520661157 0.3712686567164179 0.3746556473829201 0.416044776119403 0.36363636363636365 0.48507462686567165