0 0.5201438848920863 0.634 0.03884892086330935 0.048
0 0.23669064748201438 0.634 0.041726618705035974 0.024
0 0.030215827338129497 0.529 0.04892086330935252 0.05
0 0.9237410071942446 0.657 0.031654676258992806 0.03
0 0.7424460431654676 0.718 0.1237410071942446 0.14
0 0.33093525179856115 0.621 0.03741007194244604 0.034
0 0.30287769784172663 0.613 0.027338129496402876 0.03
0 0.12949640287769784 0.558 0.04892086330935252 0.04
0 0.18705035971223022 0.565 0.034532374100719423 0.03
0 0.4589928057553957 0.795 0.10071942446043165 0.07
0 0.21798561151079138 0.679 0.058992805755395686 0.058
0 0.26115107913669067 0.596 0.030215827338129497 0.028
0 0.0683453237410072 0.591 0.033093525179856115 0.026
0 0.15611510791366906 0.871 0.03884892086330935 0.03
0 0.1460431654676259 0.631 0.03597122302158273 0.026
0 0.3935251798561151 0.631 0.04748201438848921 0.05
0 0.1 0.631 0.030215827338129497 0.022
0 0.23093525179856114 0.583 0.02446043165467626 0.03
0 0.2992805755395683 0.642 0.02014388489208633 0.02
0 0.1971223021582734 0.588 0.031654676258992806 0.032
0 0.34532374100719426 0.591 0.02302158273381295 0.022
0 0.8359712230215828 0.629 0.02014388489208633 0.022
0 0.579136690647482 0.652 0.02158273381294964 0.02
0 0.16762589928057553 0.523 0.02158273381294964 0.018
0 0.03237410071942446 0.608 0.02446043165467626 0.02
0 0.031654676258992806 0.872 0.02877697841726619 0.012
0 0.26834532374100717 0.482 0.03597122302158273 0.036
0 0.07050359712230216 0.7 0.014388489208633094 0.016
0 0.03381294964028777 0.573 0.02158273381294964 0.022
0 0.35251798561151076 0.639 0.02302158273381295 0.026
0 0.1 0.588 0.02158273381294964 0.02
0 0.4611510791366906 0.961 0.041726618705035974 0.034
0 0.5877697841726619 0.937 0.033093525179856115 0.026
0 0.1446043165467626 0.198 0.050359712230215826 0.064
0 0.3431654676258993 0.85 0.02158273381294964 0.016
0 0.14316546762589927 0.582 0.28633093525179854 0.144