0 0.7947067238912733 0.6693227091633466 0.10157367668097282 0.17131474103585656
0 0.271101573676681 0.7270916334661355 0.13590844062947066 0.20318725099601595
0 0.6680972818311874 0.5179282868525896 0.034334763948497854 0.027888446215139442
0 0.4062947067238913 0.602589641434263 0.045779685264663805 0.04183266932270916
0 0.44635193133047213 0.5697211155378487 0.05150214592274678 0.06374501992031872
0 0.6852646638054364 0.6165338645418327 0.045779685264663805 0.04183266932270916
0 0.5636623748211731 0.6115537848605578 0.05436337625178827 0.027888446215139442
0 0.259656652360515 0.5587649402390438 0.032904148783977114 0.029880478087649404
0 0.44778254649499283 0.7400398406374502 0.1430615164520744 0.10159362549800798
0 0.9206008583690987 0.6354581673306773 0.07010014306151645 0.03187250996015936
0 0.6158798283261803 0.6284860557768924 0.07010014306151645 0.061752988047808766
0 0.7875536480686696 0.9581673306772909 0.09585121602288985 0.0796812749003984
0 0.5600858369098712 0.8954183266932271 0.044349070100143065 0.029880478087649404
0 0.5886981402002861 0.5298804780876494 0.02145922746781116 0.027888446215139442
0 0.9706723891273248 0.701195219123506 0.032904148783977114 0.01593625498007968
0 0.857653791130186 0.5189243027888446 0.01859799713876967 0.017928286852589643
0 0.47138769670958514 0.6424302788844621 0.032904148783977114 0.017928286852589643
0 0.3726752503576538 0.6215139442231076 0.01859799713876967 0.0199203187250996
0 0.522889842632332 0.8366533864541833 0.02145922746781116 0.0199203187250996
0 0.3147353361945637 0.547808764940239 0.020028612303290415 0.0199203187250996
0 0.8011444921316166 0.5119521912350598 0.020028612303290415 0.01195219123505976
0 0.18526466380543632 0.9760956175298805 0.13304721030042918 0.043824701195219126
0 0.8533619456366237 0.4940239043824701 0.01859799713876967 0.01195219123505976
0 0.09298998569384835 0.6165338645418327 0.045779685264663805 0.029880478087649404