0 0.8167587476979742 0.4595103578154426 0.8176795580110497 0.4745762711864407 0.8747697974217311 0.4764595103578154 0.8729281767955801 0.4576271186440678 0.861878453038674 0.4293785310734463 0.848987108655617 0.4293785310734463 0.8443830570902394 0.423728813559322 0.8287292817679558 0.4350282485875706 0.8167587476979742 0.4595103578154426
0 0.06906077348066299 0.5084745762711864 0.06537753222836096 0.5216572504708098 0.13535911602209943 0.5216572504708098 0.13535911602209943 0.5160075329566854 0.1408839779005525 0.512241054613936 0.1261510128913444 0.4764595103578154 0.1151012891344383 0.4632768361581921 0.10405156537753223 0.4632768361581921 0.09023941068139964 0.4764595103578154 0.06906077348066299 0.5084745762711864
0 0.1151012891344383 0.6911487758945386 0.1151012891344383 0.7024482109227872 0.13720073664825047 0.7024482109227872 0.16298342541436464 0.7269303201506592 0.1694290976058932 0.7269303201506592 0.18232044198895028 0.7137476459510358 0.20349907918968693 0.7137476459510358 0.212707182320442 0.6911487758945386 0.1998158379373849 0.6610169491525424 0.18139963167587478 0.6384180790960452 0.16758747697974216 0.6497175141242938 0.16022099447513813 0.6497175141242938 0.1464088397790055 0.6685499058380414 0.13996316758747698 0.6685499058380414 0.1151012891344383 0.6911487758945386
0 0.20902394106813996 0.7156308851224106 0.20534069981583794 0.783427495291902 0.22375690607734808 0.8135593220338984 0.24861878453038674 0.8135593220338984 0.26427255985267034 0.8248587570621468 0.30662983425414364 0.8248587570621468 0.3296500920810313 0.807909604519774 0.3453038674033149 0.8060263653483992 0.35267034990791896 0.7947269303201506 0.35911602209944754 0.7721280602636534 0.34990791896869244 0.7156308851224106 0.3416206261510129 0.7005649717514124 0.3360957642725598 0.6741996233521658 0.30386740331491713 0.6026365348399246 0.2826887661141805 0.5743879472693032 0.26427255985267034 0.5800376647834274 0.24677716390423574 0.6045197740112994 0.23941068139963168 0.6214689265536724 0.23941068139963168 0.6384180790960452 0.2283609576427256 0.655367231638418 0.20902394106813996 0.7156308851224106
0 0.214548802946593 0.4651600753295669 0.212707182320442 0.4764595103578154 0.21731123388581952 0.4821092278719397 0.2605893186003683 0.4764595103578154 0.24585635359116023 0.4406779661016949 0.2283609576427256 0.4425612052730697 0.214548802946593 0.4651600753295669
0 0.8241252302025782 0.7419962335216572 0.8213627992633518 0.7476459510357816 0.8222836095764272 0.7608286252354048 0.8268876611418048 0.7721280602636534 0.8370165745856354 0.7777777777777778 0.8627992633517495 0.783427495291902 0.8756906077348067 0.7664783427495292 0.8729281767955801 0.7495291902071564 0.861878453038674 0.736346516007533 0.8471454880294659 0.7325800376647834 0.8241252302025782 0.7419962335216572
0 0.5147329650092081 0.7495291902071564 0.5156537753222836 0.7909604519774012 0.5432780847145487 0.8060263653483992 0.5791896869244936 0.807909604519774 0.5828729281767956 0.8022598870056498 0.5948434622467772 0.800376647834275 0.6095764272559853 0.7890772128060264 0.6224677716390423 0.7664783427495292 0.6206261510128913 0.7306967984934086 0.6151012891344383 0.71939736346516 0.5920810313075506 0.7137476459510358 0.5893186003683242 0.7080979284369114 0.5561694290976059 0.7080979284369114 0.5294659300184162 0.7212806026365348 0.5147329650092081 0.7495291902071564
0 0.09852670349907919 0.7664783427495292 0.09760589318600368 0.807909604519774 0.12154696132596685 0.8248587570621468 0.15009208103130756 0.8229755178907722 0.1685082872928177 0.8060263653483992 0.17955801104972377 0.783427495291902 0.17863720073664824 0.7664783427495292 0.16482504604051565 0.7306967984934086 0.13627992633517497 0.704331450094162 0.12430939226519337 0.704331450094162 0.1151012891344383 0.7137476459510358 0.10589318600368323 0.7325800376647834 0.09852670349907919 0.7664783427495292
0 0.2946593001841621 0.5084745762711864 0.2900552486187845 0.527306967984934 0.292817679558011 0.5404896421845574 0.3360957642725598 0.5404896421845574 0.3268876611418048 0.5065913370998116 0.31952117863720075 0.4990583804143126 0.30662983425414364 0.4990583804143126 0.2946593001841621 0.5084745762711864
0 0.1427255985267035 0.5235404896421846 0.1408839779005525 0.5404896421845574 0.143646408839779 0.5499058380414312 0.17955801104972377 0.5461393596986818 0.2007366482504604 0.551789077212806 0.20626151012891344 0.544256120527307 0.2136279926335175 0.544256120527307 0.21915285451197053 0.5291902071563088 0.23296500920810312 0.5216572504708098 0.23296500920810312 0.5103578154425612 0.22375690607734808 0.487758945386064 0.20441988950276244 0.4689265536723164 0.19889502762430938 0.4519774011299435 0.1685082872928177 0.4463276836158192 0.15561694290976058 0.4576271186440678 0.1427255985267035 0.5235404896421846
0 0.6482504604051565 0.6986817325800376 0.6482504604051565 0.7570621468926554 0.651012891344383 0.7777777777777778 0.6583793738489871 0.7890772128060264 0.6887661141804788 0.8022598870056498 0.7007366482504604 0.800376647834275 0.7062615101289135 0.7777777777777778 0.7237569060773481 0.7608286252354048 0.7495395948434622 0.7664783427495292 0.7523020257826888 0.7589453860640302 0.7532228360957642 0.7306967984934086 0.7624309392265194 0.7137476459510358 0.7615101289134438 0.696798493408663 0.7486187845303868 0.6779661016949152 0.7071823204419889 0.672316384180791 0.7007366482504604 0.67984934086629 0.6933701657458563 0.6741996233521658 0.6887661141804788 0.6629001883239172 0.6583793738489871 0.6741996233521658 0.6482504604051565 0.6986817325800376
0 0.31031307550644566 0.5875706214689266 0.30662983425414364 0.5932203389830508 0.30755064456721914 0.6026365348399246 0.3370165745856354 0.6685499058380414 0.35451197053406996 0.7306967984934086 0.36372007366482506 0.7495291902071564 0.3766114180478821 0.7551789077212806 0.4014732965009208 0.7589453860640302 0.43830570902394106 0.7382297551789078 0.4558011049723757 0.7382297551789078 0.46685082872928174 0.7495291902071564 0.49171270718232046 0.7495291902071564 0.511049723756906 0.743879472693032 0.5267034990791897 0.71939736346516 0.5644567219152854 0.7024482109227872 0.6252302025782689 0.7137476459510358 0.647329650092081 0.6836158192090396 0.649171270718232 0.6610169491525424 0.643646408839779 0.615819209039548 0.6012891344383057 0.5235404896421846 0.5755064456721916 0.4934086629001883 0.5441988950276243 0.4708097928436911 0.5046040515653776 0.4689265536723164 0.4539594843462247 0.4821092278719397 0.44014732965009207 0.4934086629001883 0.4180478821362799 0.5009416195856874 0.40515653775322286 0.5160075329566854 0.3885819521178637 0.5178907721280602 0.35267034990791896 0.5404896421845574 0.3388581952117864 0.5574387947269304 0.3342541436464088 0.5574387947269304 0.32136279926335176 0.5800376647834274 0.31031307550644566 0.5875706214689266
0 0.39318600368324125 0.8248587570621468 0.39226519337016574 0.8342749529190208 0.4014732965009208 0.8418079096045198 0.44659300184162065 0.8361581920903954 0.4585635359116022 0.8022598870056498 0.4558011049723757 0.7853107344632768 0.44659300184162065 0.768361581920904 0.429097605893186 0.7608286252354048 0.4125230202578269 0.7777777777777778 0.39318600368324125 0.8248587570621468