0 0.7926829268292683 0.8415354330708661 0.11047345767575323 0.10039370078740158
0 0.4024390243902439 0.5354330708661418 0.0703012912482066 0.06299212598425197
0 0.7015781922525107 0.5590551181102362 0.040172166427546625 0.03937007874015748
0 0.5272596843615495 0.5019685039370079 0.04447632711621234 0.04330708661417323
0 0.7776183644189383 0.6446850393700787 0.04591104734576758 0.03346456692913386
0 0.13199426111908177 0.4891732283464567 0.05738880918220947 0.05708661417322835
0 0.1678622668579627 0.577755905511811 0.03443328550932568 0.02952755905511811
0 0.5344332855093257 0.8484251968503937 0.03299856527977044 0.031496062992125984
0 0.5021520803443329 0.5403543307086615 0.054519368723098996 0.05708661417322835
0 0.7245337159253945 0.6909448818897638 0.040172166427546625 0.031496062992125984
0 0.6348637015781923 0.5078740157480315 0.03012912482065997 0.027559055118110236
0 0.32926829268292684 0.48720472440944884 0.05021520803443329 0.03346456692913386
0 0.663558106169297 0.5246062992125984 0.027259684361549498 0.021653543307086614
0 0.4784791965566714 0.4921259842519685 0.03012912482065997 0.031496062992125984
0 0.7360114777618364 0.6446850393700787 0.04878048780487805 0.03740157480314961
0 0.6549497847919655 0.6131889763779528 0.04160688665710186 0.03740157480314961
0 0.22883787661406027 0.6840551181102362 0.08464849354375897 0.10039370078740158
0 0.36872309899569583 0.4921259842519685 0.03156384505021521 0.023622047244094488
0 0.6284074605451937 0.8877952755905512 0.03156384505021521 0.031496062992125984
0 0.8479196556671449 0.6033464566929134 0.10903873744619799 0.08464566929133858
0 0.2073170731707317 0.4891732283464567 0.05021520803443329 0.03740157480314961
0 0.8845050215208035 0.6446850393700787 0.04160688665710186 0.02952755905511811
0 0.4490674318507891 0.5570866141732284 0.043041606886657105 0.047244094488188976
0 0.351506456241033 0.6702755905511811 0.02295552367288379 0.02952755905511811
0 0.406025824964132 0.4921259842519685 0.02295552367288379 0.023622047244094488
0 0.2582496413199426 0.49015748031496065 0.01721664275466284 0.023622047244094488
0 0.5086083213773315 0.7578740157480315 0.03012912482065997 0.01968503937007874
0 0.6233859397417504 0.8061023622047244 0.024390243902439025 0.025590551181102362
0 0.8486370157819225 0.5383858267716536 0.024390243902439025 0.017716535433070866
0 0.6341463414634146 0.687007874015748 0.028694404591104734 0.015748031496062992
0 0.23672883787661406 0.5659448818897638 0.043041606886657105 0.017716535433070866
0 0.2833572453371593 0.4891732283464567 0.03012912482065997 0.02952755905511811
0 0.9583931133428981 0.6791338582677166 0.040172166427546625 0.023622047244094488
0 0.7345767575322812 0.8257874015748031 0.04591104734576758 0.03346456692913386
0 0.040889526542324243 0.9596456692913385 0.03012912482065997 0.02952755905511811
0 0.12553802008608322 0.8248031496062992 0.027259684361549498 0.023622047244094488
0 0.7826398852223816 0.8996062992125984 0.024390243902439025 0.027559055118110236
0 0.9110473457675753 0.8041338582677166 0.02582496413199426 0.021653543307086614
0 0.21664275466284075 0.8877952755905512 0.028694404591104734 0.01968503937007874
0 0.9720229555236729 0.7116141732283464 0.04160688665710186 0.03346456692913386
0 0.24892395982783358 0.906496062992126 0.024390243902439025 0.021653543307086614
0 0.9820659971305595 0.5433070866141733 0.024390243902439025 0.01968503937007874
0 0.9548063127690101 0.9301181102362205 0.03012912482065997 0.025590551181102362
0 0.9856527977044476 0.5984251968503937 0.028694404591104734 0.01968503937007874
0 0.9433285509325682 0.531496062992126 0.021520803443328552 0.015748031496062992
0 0.736728837876614 0.8779527559055118 0.021520803443328552 0.023622047244094488
0 0.5516499282639885 0.7470472440944882 0.027259684361549498 0.021653543307086614
0 0.023672883787661407 0.8326771653543307 0.024390243902439025 0.01968503937007874
0 0.047345767575322814 0.6082677165354331 0.020086083213773313 0.015748031496062992
0 0.7510760401721664 0.7490157480314961 0.024390243902439025 0.021653543307086614
0 0.2187948350071736 0.764763779527559 0.024390243902439025 0.021653543307086614
0 0.34576757532281205 0.8759842519685039 0.028694404591104734 0.023622047244094488
0 0.8995695839311334 0.6240157480314961 0.03156384505021521 0.03543307086614173
0 0.9655667144906743 0.9015748031496063 0.028694404591104734 0.01968503937007874
0 0.8730272596843616 0.8740157480314961 0.03299856527977044 0.01968503937007874
0 0.6133428981348638 0.7667322834645669 0.021520803443328552 0.025590551181102362
0 0.5028694404591105 0.9478346456692913 0.04160688665710186 0.04133858267716536
0 0.1872309899569584 0.985236220472441 0.024390243902439025 0.021653543307086614
0 0.42395982783357244 0.4921259842519685 0.018651362984218076 0.01968503937007874
0 0.8802008608321378 0.5383858267716536 0.024390243902439025 0.013779527559055118
0 0.20373027259684362 0.8366141732283464 0.01721664275466284 0.023622047244094488
0 0.5703012912482066 0.9665354330708661 0.021520803443328552 0.027559055118110236
0 0.766857962697274 0.6889763779527559 0.021520803443328552 0.01968503937007874
0 0.13414634146341464 0.9507874015748031 0.027259684361549498 0.027559055118110236