0 0.3249279538904899 0.6142284569138277 0.06484149855907781 0.050100200400801605
0 0.1909221902017291 0.6232464929859719 0.09654178674351585 0.10020040080160321
0 0.15922190201729106 0.45490981963927857 0.13112391930835735 0.12024048096192384
0 0.5706051873198847 0.7244488977955912 0.1239193083573487 0.13827655310621242
0 0.10446685878962536 0.5140280561122245 0.07348703170028818 0.05410821643286573
0 0.29755043227665706 0.4589178356713427 0.04755043227665706 0.036072144288577156
0 0.3753602305475504 0.5390781563126252 0.07348703170028818 0.04809619238476954
0 0.10230547550432277 0.6392785571142284 0.06051873198847262 0.04408817635270541
0 0.7680115273775217 0.8987975951903807 0.13544668587896252 0.17835671342685372
0 0.8782420749279539 0.7234468937875751 0.09654178674351585 0.08016032064128256
0 0.35878962536023057 0.503006012024048 0.043227665706051875 0.03206412825651302
0 0.6462536023054755 0.593186372745491 0.04178674351585014 0.036072144288577156
0 0.6455331412103746 0.814629258517034 0.08645533141210375 0.09018036072144289
0 0.7175792507204611 0.6683366733466933 0.10951008645533142 0.11022044088176353
0 0.7795389048991355 0.46392785571142287 0.207492795389049 0.250501002004008
0 0.39913544668587897 0.4338677354709419 0.040345821325648415 0.03406813627254509
0 0.22478386167146974 0.6743486973947895 0.05475504322766571 0.03406813627254509
0 0.3025936599423631 0.5440881763527055 0.0345821325648415 0.03006012024048096
0 0.7989913544668588 0.6953907815631263 0.04178674351585014 0.036072144288577156
0 0.19164265129682997 0.843687374749499 0.09510086455331412 0.13627254509018036
0 0.37752161383285304 0.7685370741482966 0.08357348703170028 0.09819639278557114
0 0.06051873198847262 0.39879759519038077 0.08069164265129683 0.04408817635270541
0 0.2478386167146974 0.7394789579158316 0.07492795389048991 0.056112224448897796
0 0.3523054755043228 0.9188376753507014 0.06484149855907781 0.07014028056112225
0 0.4387608069164265 0.46392785571142287 0.04178674351585014 0.04208416833667335
0 0.9632564841498559 0.7284569138276553 0.07060518731988473 0.11022044088176353
0 0.11167146974063401 0.7384769539078156 0.11095100864553314 0.07414829659318638
0 0.1765129682997118 0.5240480961923848 0.07060518731988473 0.04609218436873747
0 0.09654178674351585 0.8476953907815631 0.069164265129683 0.06012024048096192
0 0.9185878962536023 0.9549098196392786 0.15994236311239193 0.0781563126252505
0 0.2478386167146974 0.45390781563126253 0.02881844380403458 0.026052104208416832
0 0.3559077809798271 0.6993987975951904 0.05763688760806916 0.052104208416833664
0 0.5367435158501441 0.8637274549098196 0.09654178674351585 0.06412825651302605
0 0.8335734870317003 0.6603206412825652 0.053314121037463975 0.04609218436873747
0 0.6440922190201729 0.6593186372745491 0.037463976945244955 0.04408817635270541
0 0.42363112391930835 0.7034068136272545 0.07492795389048991 0.07214428857715431
0 0.4553314121037464 0.9438877755511023 0.11527377521613832 0.10821643286573146
0 0.14697406340057637 0.5731462925851704 0.05475504322766571 0.04008016032064128
0 0.35518731988472624 0.4338677354709419 0.027377521613832854 0.03006012024048096
0 0.2961095100864553 0.8176352705410822 0.12536023054755044 0.06813627254509018
0 0.2680115273775216 0.872745490981964 0.08645533141210375 0.06212424849699399
0 0.47910662824207495 0.7384769539078156 0.056195965417867436 0.05410821643286573
0 0.0468299711815562 0.8797595190380761 0.0792507204610951 0.06412825651302605
0 0.29178674351585016 0.7725450901803608 0.053314121037463975 0.04208416833667335
0 0.32060518731988474 0.7284569138276553 0.056195965417867436 0.050100200400801605
0 0.5086455331412104 0.7975951903807615 0.04610951008645533 0.04408817635270541
0 0.5446685878962536 0.8136272545090181 0.0345821325648415 0.04008016032064128
0 0.32132564841498557 0.37374749498997994 0.040345821325648415 0.03006012024048096
0 0.4106628242074928 0.8096192384769539 0.03170028818443804 0.036072144288577156
0 0.25144092219020175 0.343687374749499 0.03602305475504323 0.03406813627254509
0 0.25144092219020175 0.9539078156312625 0.15129682997118155 0.0841683366733467
0 0.1260806916426513 0.9549098196392786 0.0792507204610951 0.08216432865731463
0 0.04899135446685879 0.7194388777555111 0.043227665706051875 0.02404809619238477
0 0.9632564841498559 0.3727454909819639 0.04755043227665706 0.03206412825651302
0 0.138328530259366 0.8096192384769539 0.05187319884726225 0.06012024048096192
0 0.3926512968299712 0.5040080160320641 0.03025936599423631 0.014028056112224449
0 0.04610951008645533 0.5 0.043227665706051875 0.026052104208416832
0 0.9812680115273775 0.4729458917835671 0.037463976945244955 0.04008016032064128
0 0.045389048991354465 0.5651302605210421 0.056195965417867436 0.028056112224448898
0 0.0468299711815562 0.6292585170340681 0.03025936599423631 0.02004008016032064
0 0.23198847262247838 0.5 0.020172910662824207 0.018036072144288578
0 0.19740634005763688 0.7154308617234469 0.037463976945244955 0.02004008016032064
0 0.2298270893371758 0.9048096192384769 0.053314121037463975 0.050100200400801605
0 0.9171469740634006 0.6743486973947895 0.04755043227665706 0.03006012024048096
0 0.016570605187319884 0.4649298597194389 0.03314121037463977 0.03206412825651302