0 0.47109826589595377 0.6329365079365079 0.15895953757225434 0.15476190476190477
0 0.8793352601156069 0.6587301587301587 0.08815028901734104 0.07539682539682539
0 0.10982658959537572 0.6051587301587301 0.0838150289017341 0.07142857142857142
0 0.5534682080924855 0.7678571428571429 0.046242774566473986 0.047619047619047616
0 0.36560693641618497 0.6577380952380952 0.057803468208092484 0.037698412698412696
0 0.9313583815028902 0.38492063492063494 0.036127167630057806 0.03968253968253968
0 0.6755780346820809 0.38293650793650796 0.033236994219653176 0.04365079365079365
0 0.33164739884393063 0.36507936507936506 0.01878612716763006 0.01984126984126984
0 0.11560693641618497 0.37896825396825395 0.02601156069364162 0.01984126984126984
0 0.24927745664739884 0.38492063492063494 0.033236994219653176 0.023809523809523808
0 0.5332369942196532 0.3888888888888889 0.017341040462427744 0.01984126984126984
0 0.41690751445086704 0.8888888888888888 0.01878612716763006 0.01984126984126984