0 0.6143911439114391 0.4896810506566604 0.5959409594095941 0.5159474671669794 0.5959409594095941 0.5365853658536586 0.6060885608856088 0.5403377110694184 0.6107011070110702 0.5272045028142589 0.6217712177121771 0.5215759849906192 0.6319188191881919 0.525328330206379 0.6411439114391144 0.5178236397748592 0.6466789667896679 0.47842401500938087 0.6319188191881919 0.47842401500938087 0.6143911439114391 0.4896810506566604
0 0.2693726937269373 0.7204502814258912 0.26383763837638374 0.7410881801125704 0.3081180811808118 0.7410881801125704 0.3191881918819188 0.7354596622889306 0.32564575645756455 0.6979362101313321 0.3118081180811808 0.6641651031894934 0.3081180811808118 0.6641651031894934 0.29059040590405905 0.6829268292682927 0.2693726937269373 0.7204502814258912
0 0.11715867158671586 0.7073170731707317 0.11439114391143912 0.7129455909943715 0.11439114391143912 0.7410881801125704 0.11715867158671586 0.7467166979362101 0.14575645756457564 0.7560975609756098 0.15313653136531366 0.7335834896810507 0.16143911439114392 0.7185741088180112 0.17158671586715868 0.7110694183864915 0.17250922509225092 0.701688555347092 0.1688191881918819 0.6923076923076923 0.1466789667896679 0.6866791744840526 0.13653136531365315 0.6885553470919324 0.11715867158671586 0.7073170731707317
0 0.38191881918819187 0.7166979362101313 0.37822878228782286 0.726078799249531 0.37915129151291516 0.7504690431519699 0.39206642066420666 0.7654784240150094 0.3994464944649446 0.7654784240150094 0.40498154981549817 0.7448405253283302 0.4215867158671587 0.7317073170731707 0.43634686346863466 0.7317073170731707 0.470479704797048 0.7523452157598499 0.466789667896679 0.7354596622889306 0.466789667896679 0.7129455909943715 0.4547970479704797 0.6923076923076923 0.44095940959409596 0.6829268292682927 0.4151291512915129 0.6885553470919324 0.38191881918819187 0.7166979362101313
0 0.40498154981549817 0.7504690431519699 0.40313653136531363 0.7654784240150094 0.3966789667896679 0.776735459662289 0.3966789667896679 0.797373358348968 0.40682656826568264 0.8255159474671669 0.4345018450184502 0.8386491557223265 0.4474169741697417 0.8311444652908068 0.4677121771217712 0.8348968105065666 0.4843173431734317 0.801125703564728 0.4843173431734317 0.7861163227016885 0.4732472324723247 0.7598499061913696 0.45202952029520294 0.7410881801125704 0.4151291512915129 0.7373358348968105 0.4086715867158672 0.7410881801125704 0.40498154981549817 0.7504690431519699
0 0.15129151291512916 0.7373358348968105 0.14760147601476015 0.7523452157598499 0.1503690036900369 0.7786116322701688 0.15682656826568267 0.7898686679174484 0.1688191881918819 0.7954971857410882 0.18726937269372693 0.7954971857410882 0.1992619926199262 0.7823639774859287 0.2158671586715867 0.774859287054409 0.22785977859778597 0.7617260787992496 0.23062730627306274 0.7467166979362101 0.22785977859778597 0.7166979362101313 0.21033210332103322 0.6885553470919324 0.1918819188191882 0.6923076923076923 0.16512915129151293 0.7166979362101313 0.15129151291512916 0.7373358348968105
0 0.6439114391143912 0.49530956848030017 0.6429889298892989 0.5196998123827392 0.6466789667896679 0.5365853658536586 0.6586715867158671 0.549718574108818 0.6881918819188192 0.551594746716698 0.705719557195572 0.5590994371482176 0.7398523985239852 0.5590994371482176 0.746309963099631 0.5459662288930581 0.753690036900369 0.5422138836772983 0.7813653136531366 0.5459662288930581 0.7979704797047971 0.525328330206379 0.8127306273062731 0.525328330206379 0.8108856088560885 0.46716697936210133 0.7896678966789668 0.3902439024390244 0.7749077490774908 0.36397748592870544 0.7638376383763837 0.3545966228893058 0.742619926199262 0.3545966228893058 0.6992619926199262 0.39399624765478425 0.6586715867158671 0.4540337711069418 0.6439114391143912 0.49530956848030017
0 0.29704797047970477 0.41838649155722324 0.29704797047970477 0.4333958724202627 0.3440959409594096 0.4277673545966229 0.3339483394833948 0.3977485928705441 0.3118081180811808 0.3977485928705441 0.29704797047970477 0.41838649155722324
0 0.7979704797047971 0.5309568480300187 0.794280442804428 0.5422138836772983 0.8053505535055351 0.5609756097560976 0.8145756457564576 0.5647279549718575 0.8929889298892989 0.5703564727954972 0.9068265682656826 0.5609756097560976 0.9003690036900369 0.5422138836772983 0.8939114391143912 0.5365853658536586 0.8809963099630996 0.5403377110694184 0.8708487084870848 0.5309568480300187 0.8450184501845018 0.5365853658536586 0.8330258302583026 0.5215759849906192 0.8182656826568265 0.5309568480300187 0.7979704797047971 0.5309568480300187
0 0.488929889298893 0.701688555347092 0.48523985239852396 0.7129455909943715 0.488929889298893 0.7504690431519699 0.503690036900369 0.7711069418386491 0.518450184501845 0.7804878048780488 0.5627306273062731 0.7804878048780488 0.5793357933579336 0.7560975609756098 0.584870848708487 0.7317073170731707 0.584870848708487 0.7166979362101313 0.5802583025830258 0.7035647279549718 0.5627306273062731 0.6772983114446529 0.5470479704797048 0.6679174484052532 0.5285977859778598 0.6735459662288931 0.5119926199261993 0.6885553470919324 0.4935424354243542 0.6941838649155723 0.488929889298893 0.701688555347092
0 0.5959409594095941 0.7073170731707317 0.5940959409594095 0.7223264540337712 0.5987084870848709 0.7279549718574109 0.5987084870848709 0.7410881801125704 0.6143911439114391 0.7617260787992496 0.6309963099630996 0.7560975609756098 0.6439114391143912 0.7673545966228893 0.6614391143911439 0.7673545966228893 0.6715867158671587 0.7598499061913696 0.6678966789667896 0.7354596622889306 0.6577490774907749 0.7129455909943715 0.6291512915129152 0.7073170731707317 0.6217712177121771 0.6979362101313321 0.6033210332103321 0.6979362101313321 0.5959409594095941 0.7073170731707317
0 0.3238007380073801 0.6735459662288931 0.32564575645756455 0.6791744840525328 0.3238007380073801 0.6735459662288931
0 0.3247232472324723 0.6585365853658537 0.3238007380073801 0.6716697936210131 0.3440959409594096 0.6679174484052532 0.3477859778597786 0.6735459662288931 0.3662361623616236 0.6772983114446529 0.3892988929889299 0.701688555347092 0.3966789667896679 0.701688555347092 0.4215867158671587 0.6829268292682927 0.43911439114391143 0.6791744840525328 0.45387453874538747 0.6885553470919324 0.46955719557195574 0.7129455909943715 0.47601476014760147 0.7129455909943715 0.48523985239852396 0.7073170731707317 0.48985239852398527 0.6885553470919324 0.5018450184501845 0.6866791744840526 0.5202952029520295 0.6735459662288931 0.5212177121771218 0.6378986866791745 0.5138376383763837 0.5947467166979362 0.496309963099631 0.549718574108818 0.477859778597786 0.5365853658536586 0.45202952029520294 0.5309568480300187 0.41789667896678967 0.5403377110694184 0.37822878228782286 0.5666041275797373 0.3643911439114391 0.5853658536585366 0.3247232472324723 0.6585365853658537
0 0.32656826568265684 0.8123827392120075 0.32287822878228783 0.8255159474671669 0.3274907749077491 0.8348968105065666 0.35885608856088563 0.8348968105065666 0.38099630996309963 0.8142589118198874 0.38468634686346864 0.7804878048780488 0.37546125461254615 0.7617260787992496 0.3634686346863469 0.7617260787992496 0.3422509225092251 0.7823639774859287 0.32656826568265684 0.8123827392120075
0 0.11346863468634687 0.6060037523452158 0.11439114391143912 0.701688555347092 0.12177121771217712 0.701688555347092 0.1429889298892989 0.6829268292682927 0.15682656826568267 0.6829268292682927 0.16974169741697417 0.6923076923076923 0.18450184501845018 0.6923076923076923 0.2047970479704797 0.6829268292682927 0.21494464944649447 0.6904315196998124 0.23247232472324722 0.726078799249531 0.246309963099631 0.7279549718574109 0.26476014760147604 0.7223264540337712 0.3007380073800738 0.6679174484052532 0.29612546125461253 0.6135084427767354 0.2896678966789668 0.600375234521576 0.2702952029520295 0.5703564727954972 0.24538745387453875 0.5422138836772983 0.20940959409594095 0.5215759849906192 0.15129151291512916 0.5215759849906192 0.1429889298892989 0.5272045028142589 0.12915129151291513 0.5459662288930581 0.1282287822878229 0.5590994371482176 0.11715867158671586 0.5853658536585366 0.11346863468634687 0.6060037523452158