0 0.7865685372585096 0.4794007490636704 0.7856485740570377 0.49250936329588013 0.7930082796688133 0.5 0.8371665133394665 0.5037453183520599 0.8776448942042319 0.49250936329588013 0.8794848206071757 0.4868913857677903 0.8868445262189513 0.4850187265917603 0.8877644894204232 0.4756554307116105 0.8776448942042319 0.4419475655430712 0.8656853725850966 0.4232209737827715 0.8316467341306347 0.42134831460674155 0.8150873965041399 0.4363295880149813 0.796688132474701 0.47191011235955055 0.7865685372585096 0.4794007490636704
0 0.7865685372585096 0.6685393258426966 0.7856485740570377 0.6910112359550562 0.8003679852805887 0.7172284644194756 0.8187672493100276 0.7172284644194756 0.8215271389144434 0.7116104868913857 0.828886844526219 0.7172284644194756 0.8454461821527139 0.7153558052434457 0.8417663293468262 0.6966292134831461 0.8380864765409384 0.6966292134831461 0.8371665133394665 0.6891385767790262 0.8463661453541859 0.6760299625468165 0.8307267709291628 0.653558052434457 0.8178472861085556 0.6460674157303371 0.7994480220791168 0.6460674157303371 0.7865685372585096 0.6685393258426966
0 0.06531738730450783 0.653558052434457 0.05979760809567617 0.6666666666666666 0.07083716651333946 0.6741573033707865 0.11131554737810488 0.6760299625468165 0.11683532658693652 0.6685393258426966 0.11591536338546458 0.6573033707865169 0.09935602575896964 0.6273408239700374 0.07911683532658693 0.6348314606741573 0.06531738730450783 0.653558052434457
0 0.14167433302667892 0.46629213483146065 0.140754369825207 0.47191011235955055 0.14627414903403863 0.47752808988764045 0.22527598896044157 0.47752808988764045 0.22631094756209752 0.4700374531835206 0.22999080036798528 0.47752808988764045 0.21711131554737811 0.45692883895131087 0.20607175712971482 0.4288389513108614 0.19503219871205152 0.42134831460674155 0.17847286108555657 0.42134831460674155 0.16743330266789327 0.4288389513108614 0.14167433302667892 0.46629213483146065
0 0.2888684452621895 0.7191011235955056 0.28794848206071755 0.7340823970037453 0.29162833486660533 0.7509363295880149 0.3109475620975161 0.7659176029962547 0.37442502299908004 0.7659176029962547 0.39006439742410304 0.7602996254681648 0.39282428702851885 0.7528089887640449 0.38546458141674333 0.7359550561797753 0.38638454461821525 0.7228464419475655 0.35970561177552896 0.6891385767790262 0.34314627414903404 0.6816479400749064 0.31002759889604414 0.6910112359550562 0.2888684452621895 0.7191011235955056
0 0.42594296228150874 0.5299625468164794 0.42686292548298066 0.5767790262172284 0.43698252069917204 0.6273408239700374 0.43698252069917204 0.653558052434457 0.47470101195952163 0.6760299625468165 0.48666053357865685 0.6891385767790262 0.5032198712051518 0.6891385767790262 0.5188592456301748 0.6760299625468165 0.5547378104875805 0.6760299625468165 0.5731370745170193 0.6891385767790262 0.5896964121435143 0.7172284644194756 0.6172953081876725 0.7228464419475655 0.6356945722171113 0.7097378277153558 0.6706531738730451 0.7078651685393258 0.6991720331186753 0.6872659176029963 0.7129714811407544 0.6872659176029963 0.7212511499540019 0.6966292134831461 0.7295308187672493 0.6966292134831461 0.7387304507819688 0.6835205992509363 0.7534498620055198 0.6797752808988764 0.7580496780128795 0.6685393258426966 0.7617295308187673 0.6404494382022472 0.7617295308187673 0.5973782771535581 0.7580496780128795 0.5767790262172284 0.7258509659613616 0.5056179775280899 0.6936522539098436 0.46441947565543074 0.6467341306347746 0.4288389513108614 0.6209751609935602 0.4157303370786517 0.5427782888684453 0.40262172284644193 0.5170193192272309 0.40823970037453183 0.49310027598896045 0.42134831460674155 0.47378104875804966 0.4363295880149813 0.46274149034038636 0.4550561797752809 0.44434222631094755 0.46629213483146065 0.4296228150873965 0.5056179775280899 0.42594296228150874 0.5299625468164794
0 0.1858325666973321 0.7209737827715356 0.1858325666973321 0.7528089887640449 0.21435142594296228 0.7528089887640449 0.24287028518859247 0.7359550561797753 0.23459061637534498 0.7078651685393258 0.21619135234590617 0.6816479400749064 0.20791168353265868 0.6835205992509363 0.19503219871205152 0.6966292134831461 0.1858325666973321 0.7209737827715356
0 0.11959521619135234 0.6460674157303371 0.11867525298988041 0.6685393258426966 0.12879484820607176 0.6872659176029963 0.1545538178472861 0.6872659176029963 0.15731370745170192 0.6816479400749064 0.15915363385464582 0.6554307116104869 0.17295308187672492 0.6460674157303371 0.1858325666973321 0.6460674157303371 0.18859245630174792 0.6404494382022472 0.19779208831646733 0.5692883895131086 0.18859245630174792 0.5692883895131086 0.1655933762649494 0.5973782771535581 0.1453541858325667 0.6048689138576779 0.13155473781048757 0.6198501872659176 0.11959521619135234 0.6460674157303371
0 0.49586016559337626 0.704119850187266 0.49126034958601655 0.7172284644194756 0.4921803127874885 0.7397003745318352 0.49678012879484823 0.7509363295880149 0.5142594296228151 0.7659176029962547 0.5271389144434223 0.7715355805243446 0.5611775528978841 0.7715355805243446 0.5896964121435143 0.7509363295880149 0.5869365225390984 0.7172284644194756 0.5768169273229071 0.6985018726591761 0.5574977000919963 0.6816479400749064 0.5170193192272309 0.6816479400749064 0.49586016559337626 0.704119850187266
0 0.6734130634774609 0.7172284644194756 0.6697332106715731 0.7247191011235955 0.6697332106715731 0.7340823970037453 0.6734130634774609 0.7378277153558053 0.7083716651333947 0.7397003745318352 0.7175712971481141 0.7359550561797753 0.7249310027598896 0.7247191011235955 0.7249310027598896 0.7116104868913857 0.7138914443422263 0.6891385767790262 0.6945722171113156 0.6910112359550562 0.6734130634774609 0.7172284644194756
0 0.19319227230910763 0.6142322097378277 0.19043238270469182 0.6460674157303371 0.19503219871205152 0.6797752808988764 0.22263109475620976 0.6816479400749064 0.23551057957681693 0.702247191011236 0.2529898804047838 0.7172284644194756 0.2861085556577737 0.7172284644194756 0.30542778288868444 0.6910112359550562 0.33486660533578655 0.6797752808988764 0.35510579576816925 0.6835205992509363 0.37442502299908004 0.702247191011236 0.37902483900643974 0.702247191011236 0.3845446182152714 0.6891385767790262 0.3891444342226311 0.6872659176029963 0.41030358785648574 0.6947565543071161 0.4250229990800368 0.6741573033707865 0.4296228150873965 0.6479400749063671 0.42870285188592455 0.6142322097378277 0.41674333026678934 0.5337078651685393 0.40018399264029436 0.47752808988764045 0.38638454461821525 0.449438202247191 0.35970561177552896 0.4157303370786517 0.35234590616375344 0.40823970037453183 0.3247470101195952 0.398876404494382 0.30082796688132474 0.40074906367041196 0.28702851885924563 0.40823970037453183 0.24471021159153633 0.46441947565543074 0.22907083716651333 0.5037453183520599 0.20883164673413063 0.5411985018726592 0.2014719411223551 0.5636704119850188 0.19319227230910763 0.6142322097378277