0 0.34967622571692875 0.7763157894736842 0.3459759481961147 0.793233082706767 0.35337650323774283 0.8007518796992481 0.37280296022201664 0.8007518796992481 0.3811285846438483 0.8082706766917294 0.40795559666975023 0.8045112781954887 0.40795559666975023 0.7838345864661654 0.40425531914893614 0.7725563909774437 0.38575393154486587 0.7669172932330827 0.37650323774283073 0.7556390977443609 0.36262719703977797 0.7593984962406015 0.34967622571692875 0.7763157894736842
0 0.6308973172987974 0.4699248120300752 0.6253469010175763 0.48120300751879697 0.6253469010175763 0.5075187969924813 0.6308973172987974 0.5150375939849624 0.6364477335800185 0.5150375939849624 0.6475485661424607 0.49624060150375937 0.6567992599444958 0.4906015037593985 0.6475485661424607 0.4718045112781955 0.6308973172987974 0.4699248120300752
0 0.3154486586493987 0.7274436090225563 0.3080481036077706 0.7462406015037594 0.3080481036077706 0.7593984962406015 0.3098982423681776 0.7706766917293233 0.3191489361702128 0.7781954887218046 0.3450508788159112 0.7763157894736842 0.35707678075855687 0.7593984962406015 0.35707678075855687 0.7462406015037594 0.3422756706753006 0.7180451127819549 0.3209990749306198 0.7180451127819549 0.3154486586493987 0.7274436090225563
0 0.09065679925994449 0.6917293233082706 0.09065679925994449 0.7274436090225563 0.11840888066604996 0.7274436090225563 0.13135985198889916 0.7218045112781954 0.1276595744680851 0.7048872180451128 0.11840888066604996 0.693609022556391 0.11840888066604996 0.674812030075188 0.11285846438482887 0.6597744360902256 0.1036077705827937 0.6654135338345865 0.09065679925994449 0.6917293233082706
0 0.4005550416281221 0.7199248120300752 0.3940795559666975 0.7349624060150376 0.4024051803885291 0.768796992481203 0.41720629047178537 0.7744360902255639 0.4301572617946346 0.7631578947368421 0.4283071230342276 0.7330827067669173 0.4227567067530065 0.7218045112781954 0.41350601295097134 0.7142857142857143 0.4005550416281221 0.7199248120300752
0 0.8529139685476411 0.5620300751879699 0.8519888991674376 0.5770676691729323 0.8612395929694727 0.5902255639097744 0.9111933395004626 0.5864661654135338 0.9195189639222942 0.5639097744360902 0.9213691026827012 0.543233082706767 0.9000925069380203 0.5093984962406015 0.8806660499537465 0.5112781954887218 0.8658649398704903 0.5244360902255639 0.8603145235892692 0.5488721804511278 0.8529139685476411 0.5620300751879699
0 0.5633672525439408 0.4116541353383459 0.5596669750231268 0.41729323308270677 0.5596669750231268 0.42857142857142855 0.5633672525439408 0.4342105263157895 0.6049953746530989 0.4323308270676692 0.603145235892692 0.41353383458646614 0.5901942645698427 0.40037593984962405 0.5781683626271971 0.40037593984962405 0.5633672525439408 0.4116541353383459
0 0.902867715078631 0.4943609022556391 0.8991674375578168 0.5075187969924813 0.9213691026827012 0.5357142857142857 0.9666975023126735 0.5338345864661654 0.9666975023126735 0.5225563909774437 0.9555966697502313 0.49624060150375937 0.940795559666975 0.4849624060150376 0.9287696577243293 0.48120300751879697 0.902867715078631 0.4943609022556391
0 0.5143385753931545 0.6578947368421053 0.5106382978723404 0.6804511278195489 0.5291396854764108 0.6879699248120301 0.5337650323774283 0.6973684210526315 0.5356151711378353 0.7218045112781954 0.5411655874190564 0.7274436090225563 0.5874190564292322 0.7330827067669173 0.5929694727104533 0.7236842105263158 0.5929694727104533 0.7030075187969925 0.5892691951896393 0.6954887218045113 0.5772432932469935 0.6804511278195489 0.5615171137835338 0.6729323308270677 0.5522664199814986 0.6560150375939849 0.5393154486586494 0.650375939849624 0.5143385753931545 0.6578947368421053
0 0.5920444033302498 0.4943609022556391 0.5855689176688251 0.5169172932330827 0.6188714153561518 0.518796992481203 0.6253469010175763 0.5112781954887218 0.6234967622571693 0.4906015037593985 0.6197964847363552 0.4793233082706767 0.6133209990749307 0.47368421052631576 0.603145235892692 0.4774436090225564 0.5920444033302498 0.4943609022556391
0 0.1396854764107308 0.6597744360902256 0.13783533765032377 0.6973684210526315 0.14338575393154487 0.7086466165413534 0.1683626271970398 0.7124060150375939 0.2053654024051804 0.6654135338345865 0.21554116558741906 0.6635338345864662 0.22664199814986125 0.674812030075188 0.22756706753006475 0.631578947368421 0.22016651248843663 0.6221804511278195 0.21091581868640147 0.6203007518796992 0.2062904717853839 0.6052631578947368 0.19888991674375578 0.6052631578947368 0.18408880666049954 0.6109022556390977 0.17483811285846437 0.6334586466165414 0.150786308973173 0.6428571428571429 0.14338575393154487 0.6484962406015038 0.1396854764107308 0.6597744360902256
0 0.1877890841813136 0.75 0.1877890841813136 0.7725563909774437 0.21739130434782608 0.7763157894736842 0.23681776133209992 0.7631578947368421 0.2627197039777983 0.7575187969924813 0.2765957446808511 0.7443609022556391 0.2765957446808511 0.7387218045112782 0.27104532839962997 0.7274436090225563 0.26919518963922295 0.7011278195488722 0.2627197039777983 0.6804511278195489 0.2534690101757632 0.6691729323308271 0.242368177613321 0.6691729323308271 0.2053654024051804 0.7180451127819549 0.1877890841813136 0.75
0 0.056429232192414434 0.7819548872180451 0.05272895467160037 0.7913533834586466 0.0545790934320074 0.7969924812030075 0.09620721554116558 0.7913533834586466 0.08880666049953746 0.7669172932330827 0.08140610545790934 0.7631578947368421 0.07030527289546716 0.7650375939849624 0.056429232192414434 0.7819548872180451
0 0.6817761332099908 0.4755639097744361 0.6799259944495837 0.48872180451127817 0.700277520814061 0.49624060150375937 0.7141535615171137 0.49624060150375937 0.7317298797409806 0.4830827067669173 0.7687326549491211 0.49624060150375937 0.782608695652174 0.4849624060150376 0.8075855689176689 0.4793233082706767 0.8094357076780758 0.45300751879699247 0.8001850138760407 0.424812030075188 0.790009250693802 0.40789473684210525 0.7622571692876966 0.37218045112781956 0.7474560592044404 0.3684210526315789 0.7363552266419982 0.37218045112781956 0.7113783533765032 0.40225563909774437 0.700277520814061 0.43045112781954886 0.6947271045328399 0.4567669172932331 0.6817761332099908 0.4755639097744361
0 0.9047178538390379 0.4680451127819549 0.9047178538390379 0.48872180451127817 0.9269195189639223 0.4793233082706767 0.9518963922294172 0.48120300751879697 0.9426456984273821 0.45112781954887216 0.9324699352451434 0.43796992481203006 0.913968547641073 0.4492481203007519 0.9047178538390379 0.4680451127819549
0 0.2183163737280296 0.7781954887218046 0.21461609620721553 0.8007518796992481 0.23681776133209992 0.8007518796992481 0.2590194264569843 0.7894736842105263 0.2534690101757632 0.7800751879699248 0.2553191489361702 0.7725563909774437 0.2488436632747456 0.7631578947368421 0.23681776133209992 0.7650375939849624 0.2183163737280296 0.7781954887218046
0 0.5106382978723404 0.49624060150375937 0.5069380203515264 0.5037593984962406 0.5106382978723404 0.5131578947368421 0.5356151711378353 0.5169172932330827 0.5661424606845513 0.5112781954887218 0.5772432932469935 0.5037593984962406 0.580018501387604 0.4943609022556391 0.5624421831637373 0.4680451127819549 0.5522664199814986 0.46616541353383456 0.5106382978723404 0.49624060150375937
0 0.43293246993524515 0.7236842105263158 0.4301572617946346 0.7424812030075187 0.4338575393154487 0.7669172932330827 0.4412580943570768 0.7875939849624061 0.4597594819611471 0.7969924812030075 0.4856614246068455 0.7951127819548872 0.5124884366327475 0.7800751879699248 0.5245143385753932 0.7669172932330827 0.5272895467160037 0.7612781954887218 0.5254394079555966 0.75 0.5337650323774283 0.7236842105263158 0.5337650323774283 0.7011278195488722 0.5309898242368177 0.6917293233082706 0.5198889916743756 0.6842105263157895 0.47178538390379277 0.6879699248120301 0.45790934320074006 0.6954887218045113 0.43293246993524515 0.7236842105263158
0 0.0027752081406105457 0.40037593984962405 0 0.40225563909774437 0 0.43045112781954886 0.034227567067530065 0.4323308270676692 0.02127659574468085 0.39849624060150374 0.0027752081406105457 0.40037593984962405
0 0.606845513413506 0.7142857142857143 0.603145235892692 0.7218045112781954 0.603145235892692 0.7387218045112782 0.61054579093432 0.7556390977443609 0.6419981498612396 0.768796992481203 0.6512488436632747 0.7650375939849624 0.6512488436632747 0.7330827067669173 0.6466234967622572 0.7274436090225563 0.6262719703977798 0.7124060150375939 0.606845513413506 0.7142857142857143
0 0.6123959296947271 0.39285714285714285 0.6012950971322849 0.4041353383458647 0.6049953746530989 0.42857142857142855 0.6419981498612396 0.4323308270676692 0.6271970397779834 0.39473684210526316 0.6123959296947271 0.39285714285714285
0 0.637372802960222 0.5131578947368421 0.6364477335800185 0.5169172932330827 0.6419981498612396 0.5225563909774437 0.6771507863089732 0.5225563909774437 0.6780758556891767 0.5037593984962406 0.6716003700277521 0.48872180451127817 0.6604995374653099 0.48872180451127817 0.637372802960222 0.5131578947368421
0 0.23311748381128586 0.5845864661654135 0.23126734505087881 0.6372180451127819 0.23496762257169287 0.6635338345864662 0.2590194264569843 0.6672932330827067 0.2765957446808511 0.7030075187969925 0.2765957446808511 0.7142857142857143 0.2821461609620722 0.731203007518797 0.28769657724329323 0.7368421052631579 0.3080481036077706 0.7387218045112782 0.3154486586493987 0.7218045112781954 0.3265494912118409 0.7124060150375939 0.33580018501387604 0.7124060150375939 0.35522664199814985 0.731203007518797 0.3737280296022202 0.7293233082706767 0.396854764107308 0.7199248120300752 0.4283071230342276 0.6898496240601504 0.44680851063829785 0.6954887218045113 0.47363552266419984 0.6823308270676691 0.486586493987049 0.6710526315789473 0.4939870490286771 0.6484962406015038 0.4939870490286771 0.5488721804511278 0.4976873265494912 0.5357142857142857 0.5013876040703052 0.48872180451127817 0.4976873265494912 0.42105263157894735 0.4884366327474561 0.39285714285714285 0.46345975948196116 0.34774436090225563 0.41350601295097134 0.2951127819548872 0.38390379278445885 0.2744360902255639 0.3441258094357077 0.28383458646616544 0.32469935245143383 0.3026315789473684 0.2913968547641073 0.36278195488721804 0.2895467160037003 0.37593984962406013 0.27474560592044406 0.4116541353383459 0.26734505087881594 0.4492481203007519 0.24976873265494912 0.48120300751879697 0.2479185938945421 0.5018796992481203 0.23681776133209992 0.5413533834586466 0.23681776133209992 0.5657894736842105 0.23311748381128586 0.5845864661654135
0 0.8371877890841813 0.4680451127819549 0.8353376503237743 0.4755639097744361 0.8223866790009251 0.4906015037593985 0.8260869565217391 0.5075187969924813 0.849213691026827 0.5056390977443609 0.8519888991674376 0.5 0.8501387604070305 0.4830827067669173 0.8427382053654024 0.4680451127819549 0.8371877890841813 0.4680451127819549