0 0.3731481481481482 0.8521256931608133 0.3685185185185185 0.8706099815157117 0.3638888888888889 0.8761552680221811 0.3638888888888889 0.8835489833641405 0.3731481481481482 0.911275415896488 0.3851851851851852 0.922365988909427 0.43148148148148147 0.9205175600739371 0.45740740740740743 0.9075785582255084 0.4648148148148148 0.88909426987061 0.4546296296296296 0.8521256931608133 0.42777777777777776 0.8317929759704251 0.3962962962962963 0.8317929759704251 0.38055555555555554 0.8410351201478743 0.3731481481481482 0.8521256931608133
0 0.5824074074074074 0.5231053604436229 0.5777777777777777 0.532347504621072 0.5777777777777777 0.5415896487985212 0.6027777777777777 0.5415896487985212 0.612037037037037 0.5341959334565619 0.6101851851851852 0.5268022181146026 0.600925925925926 0.5194085027726433 0.5824074074074074 0.5231053604436229
0 0.15555555555555556 0.7578558225508318 0.1527777777777778 0.7911275415896488 0.1574074074074074 0.800369685767098 0.15925925925925927 0.8262476894639557 0.1685185185185185 0.8280961182994455 0.17777777777777778 0.8207024029574861 0.18888888888888888 0.8243992606284658 0.1962962962962963 0.7818853974121996 0.1814814814814815 0.7375231053604436 0.1685185185185185 0.7356746765249538 0.15555555555555556 0.7578558225508318
0 0.17592592592592593 0.6802218114602587 0.17407407407407408 0.7153419593345656 0.20092592592592592 0.7818853974121996 0.2212962962962963 0.7966728280961183 0.2490740740740741 0.7929759704251387 0.27314814814814814 0.8170055452865065 0.2777777777777778 0.8280961182994455 0.2916666666666667 0.8373382624768947 0.32314814814814813 0.8410351201478743 0.3435185185185185 0.8502772643253235 0.3638888888888889 0.8484288354898336 0.3861111111111111 0.8317929759704251 0.42314814814814816 0.8188539741219963 0.4666666666666667 0.8188539741219963 0.48055555555555557 0.8096118299445472 0.4962962962962963 0.8133086876155268 0.5055555555555555 0.7929759704251387 0.5055555555555555 0.7726432532347505 0.5120370370370371 0.756007393715342 0.5166666666666667 0.7208872458410351 0.5166666666666667 0.6487985212569316 0.5138888888888888 0.6173752310536045 0.49166666666666664 0.4879852125693161 0.47314814814814815 0.45286506469500926 0.44074074074074077 0.4269870609981516 0.4148148148148148 0.4288354898336414 0.39814814814814814 0.4399260628465804 0.3925925925925926 0.4491682070240296 0.37777777777777777 0.45471349353049906 0.34814814814814815 0.48613678373382624 0.28888888888888886 0.5341959334565619 0.23796296296296296 0.5933456561922366 0.21944444444444444 0.6062846580406654 0.19166666666666668 0.6432532347504621 0.17962962962962964 0.6654343807763401 0.17592592592592593 0.6802218114602587
0 0.023148148148148147 0.7837338262476895 0.025 0.7929759704251387 0.021296296296296296 0.8133086876155268 0.018518518518518517 0.8151571164510166 0.021296296296296296 0.8280961182994455 0.05555555555555555 0.8410351201478743 0.12129629629629629 0.8410351201478743 0.13333333333333333 0.8317929759704251 0.15462962962962962 0.8280961182994455 0.1574074074074074 0.8170055452865065 0.14629629629629629 0.7615526802218114 0.13703703703703704 0.7430683918669131 0.13703703703703704 0.7338262476894639 0.13240740740740742 0.722735674676525 0.05740740740740741 0.7264325323475046 0.037037037037037035 0.7467652495378928 0.023148148148148147 0.7837338262476895
0 0.8194444444444444 0.5656192236598891 0.8212962962962963 0.5711645101663586 0.8194444444444444 0.5656192236598891
0 0.700925925925926 0.5231053604436229 0.6888888888888889 0.5508317929759704 0.6712962962962963 0.5730129390018485 0.6796296296296296 0.5822550831792976 0.7 0.5841035120147874 0.7055555555555556 0.589648798521257 0.7268518518518519 0.5822550831792976 0.7407407407407407 0.5933456561922366 0.7870370370370371 0.5859519408502772 0.8 0.5730129390018485 0.8092592592592592 0.5730129390018485 0.8101851851851852 0.5656192236598891 0.8138888888888889 0.5730129390018485 0.8166666666666667 0.5674676524953789 0.8092592592592592 0.5637707948243993 0.8083333333333333 0.5526802218114603 0.8138888888888889 0.5489833641404805 0.8138888888888889 0.5360443622920518 0.8018518518518518 0.5101663585951941 0.7888888888888889 0.49168207024029575 0.7638888888888888 0.47689463955637706 0.7324074074074074 0.4898336414048059 0.700925925925926 0.5231053604436229
0 0.19074074074074074 0.5249537892791127 0.18981481481481483 0.532347504621072 0.20555555555555555 0.5415896487985212 0.23333333333333334 0.5378927911275416 0.27314814814814814 0.5452865064695009 0.2824074074074074 0.5341959334565619 0.26851851851851855 0.49168207024029575 0.25462962962962965 0.47504621072088726 0.21851851851851853 0.4879852125693161 0.19074074074074074 0.5249537892791127
0 0.8574074074074074 0.5341959334565619 0.8555555555555555 0.5508317929759704 0.8592592592592593 0.5545286506469501 0.9092592592592592 0.55637707948244 0.9092592592592592 0.5508317929759704 0.8935185185185185 0.5231053604436229 0.8685185185185185 0.5231053604436229 0.8574074074074074 0.5341959334565619
0 0.6305555555555555 0.8317929759704251 0.6277777777777778 0.8521256931608133 0.6435185185185185 0.8632162661737524 0.6685185185185185 0.8632162661737524 0.6768518518518518 0.8539741219963032 0.6888888888888889 0.8521256931608133 0.6888888888888889 0.8410351201478743 0.6685185185185185 0.8299445471349353 0.6638888888888889 0.8170055452865065 0.6398148148148148 0.8170055452865065 0.6305555555555555 0.8317929759704251
0 0.5416666666666666 0.7689463955637708 0.5398148148148149 0.789279112754159 0.5472222222222223 0.7985212569316081 0.5509259259259259 0.8299445471349353 0.5712962962962963 0.8410351201478743 0.6231481481481481 0.8428835489833642 0.6277777777777778 0.8410351201478743 0.6388888888888888 0.8170055452865065 0.6685185185185185 0.8133086876155268 0.6574074074074074 0.7726432532347505 0.6425925925925926 0.7486136783733827 0.6259259259259259 0.7338262476894639 0.5805555555555556 0.7301293900184843 0.5638888888888889 0.7356746765249538 0.5527777777777778 0.7467652495378928 0.5416666666666666 0.7689463955637708
0 0.21851851851851853 0.8188539741219963 0.21666666666666667 0.844731977818854 0.20092592592592592 0.8724584103512015 0.20277777777777778 0.8761552680221811 0.25833333333333336 0.866913123844732 0.2740740740740741 0.8613678373382625 0.2796296296296296 0.8539741219963032 0.27314814814814814 0.8280961182994455 0.24351851851851852 0.7948243992606284 0.2324074074074074 0.7948243992606284 0.21851851851851853 0.8188539741219963