0 0.6011080332409973 0.634469696969697 0.5955678670360111 0.6628787878787878 0.5955678670360111 0.7064393939393939 0.6011080332409973 0.7253787878787878 0.615881809787627 0.7291666666666666 0.6177285318559557 0.7481060606060606 0.6260387811634349 0.759469696969697 0.641735918744229 0.7575757575757576 0.6694367497691598 0.7727272727272727 0.6971375807940905 0.7765151515151515 0.7746999076638966 0.7727272727272727 0.801477377654663 0.7575757575757576 0.8107109879963066 0.7443181818181818 0.8190212373037857 0.7443181818181818 0.8291782086795937 0.7348484848484849 0.8365650969529086 0.7196969696969697 0.8319482917820868 0.6571969696969697 0.8208679593721145 0.6287878787878788 0.8024007386888273 0.5946969696969697 0.7802400738688827 0.571969696969697 0.7663896583564174 0.5662878787878788 0.7109879963065558 0.5625 0.6740535549399815 0.5757575757575758 0.6565096952908587 0.5757575757575758 0.6223453370267775 0.6003787878787878 0.6094182825484764 0.615530303030303 0.6011080332409973 0.634469696969697
0 0.4598337950138504 0.6912878787878788 0.4552169898430286 0.7045454545454546 0.4579870729455217 0.7196969696969697 0.4709141274238227 0.7196969696969697 0.4967682363804247 0.7386363636363636 0.5272391505078485 0.740530303030303 0.543859649122807 0.7196969696969697 0.5420129270544783 0.7045454545454546 0.5327793167128347 0.6875 0.5087719298245614 0.6666666666666666 0.4755309325946445 0.6723484848484849 0.4598337950138504 0.6912878787878788
0 0.06001846722068329 0.6515151515151515 0.06001846722068329 0.6723484848484849 0.09879963065558633 0.6723484848484849 0.10987996306555864 0.6628787878787878 0.10341643582640812 0.6382575757575758 0.09325946445060018 0.625 0.07663896583564174 0.625 0.06001846722068329 0.6515151515151515
0 0.7414589104339797 0.4166666666666667 0.7386888273314867 0.4318181818181818 0.7414589104339797 0.4412878787878788 0.7497691597414589 0.44696969696969696 0.7719298245614035 0.44696969696969696 0.7746999076638966 0.4412878787878788 0.7746999076638966 0.4318181818181818 0.7636195752539243 0.4128787878787879 0.7414589104339797 0.4166666666666667
0 0.123730378578024 0.4318181818181818 0.12280701754385964 0.45075757575757575 0.11542012927054478 0.4696969696969697 0.1172668513388735 0.4753787878787879 0.1837488457987073 0.4753787878787879 0.18559556786703602 0.4602272727272727 0.19205909510618652 0.4753787878787879 0.1883656509695291 0.4602272727272727 0.17543859649122806 0.45454545454545453 0.16712834718374883 0.4318181818181818 0.15974145891043398 0.42234848484848486 0.12927054478301014 0.42234848484848486 0.123730378578024 0.4318181818181818
0 0.13204062788550322 0.6136363636363636 0.13111726685133887 0.6325757575757576 0.1283471837488458 0.6363636363636364 0.12927054478301014 0.6534090909090909 0.14035087719298245 0.6477272727272727 0.16712834718374883 0.6477272727272727 0.1791320406278855 0.6590909090909091 0.18282548476454294 0.6571969696969697 0.18928901200369344 0.6382575757575758 0.22530009233610343 0.6098484848484849 0.2188365650969529 0.5625 0.20867959372114497 0.5435606060606061 0.19759926131117267 0.5416666666666666 0.1615881809787627 0.5662878787878788 0.13204062788550322 0.6136363636363636
0 0.17636195752539244 0.6723484848484849 0.17266851338873498 0.6818181818181818 0.17266851338873498 0.7102272727272727 0.18651892890120036 0.7291666666666666 0.23084025854108955 0.7291666666666666 0.26500461680517085 0.7159090909090909 0.2770083102493075 0.7045454545454546 0.2770083102493075 0.6761363636363636 0.2659279778393352 0.6439393939393939 0.247460757156048 0.6193181818181818 0.21421975992613113 0.6193181818181818 0.20036934441366575 0.6287878787878788 0.17636195752539244 0.6723484848484849
0 0.31117266851338876 0.7102272727272727 0.3074792243767313 0.7215909090909091 0.3074792243767313 0.75 0.3397968605724838 0.75 0.34533702677746997 0.7443181818181818 0.3462603878116344 0.7310606060606061 0.3536472760849492 0.7253787878787878 0.3536472760849492 0.7159090909090909 0.3397968605724838 0.6950757575757576 0.32409972299168976 0.696969696969697 0.31117266851338876 0.7102272727272727
0 0.5623268698060941 0.42234848484848486 0.5604801477377654 0.4318181818181818 0.5706371191135734 0.4375 0.5881809787626963 0.4696969696969697 0.6121883656509696 0.4943181818181818 0.6620498614958449 0.4981060606060606 0.6648199445983379 0.49053030303030304 0.6611265004616805 0.4659090909090909 0.6509695290858726 0.4412878787878788 0.6361957525392429 0.4128787878787879 0.6260387811634349 0.4034090909090909 0.579870729455217 0.4034090909090909 0.5623268698060941 0.42234848484848486
0 0.21975992613111728 0.509469696969697 0.2169898430286242 0.5473484848484849 0.2299168975069252 0.6098484848484849 0.25761772853185594 0.6193181818181818 0.28162511542012925 0.6761363636363636 0.3296398891966759 0.6818181818181818 0.3518005540166205 0.6950757575757576 0.40443213296398894 0.696969696969697 0.4118190212373038 0.6912878787878788 0.43951985226223456 0.6912878787878788 0.4644506001846722 0.6818181818181818 0.4755309325946445 0.6685606060606061 0.4967682363804247 0.6590909090909091 0.5060018467220684 0.6590909090909091 0.5355493998153278 0.6875 0.5466297322253001 0.6875 0.5650969529085873 0.6590909090909091 0.592797783933518 0.6515151515151515 0.6038781163434903 0.615530303030303 0.6260387811634349 0.5890151515151515 0.6278855032317636 0.571969696969697 0.6260387811634349 0.5378787878787878 0.6195752539242844 0.5132575757575758 0.6048014773776547 0.48863636363636365 0.5964912280701754 0.48484848484848486 0.5817174515235457 0.4659090909090909 0.5734072022160664 0.44696969696969696 0.541089566020314 0.4166666666666667 0.49122807017543857 0.3977272727272727 0.4469067405355494 0.3977272727272727 0.42843951985226225 0.39204545454545453 0.3397968605724838 0.3977272727272727 0.2853185595567867 0.42234848484848486 0.2520775623268698 0.45075757575757575 0.23084025854108955 0.4791666666666667 0.21975992613111728 0.509469696969697
0 0.5512465373961218 0.6837121212121212 0.543859649122807 0.7007575757575758 0.5466297322253001 0.7196969696969697 0.556786703601108 0.7291666666666666 0.5706371191135734 0.7291666666666666 0.579870729455217 0.7064393939393939 0.590027700831025 0.7064393939393939 0.592797783933518 0.7007575757575758 0.592797783933518 0.6590909090909091 0.5761772853185596 0.6571969696969697 0.5512465373961218 0.6837121212121212