0 0.7716390423572744 0.4333958724202627 0.7688766114180479 0.4427767354596623 0.7725598526703499 0.4521575984990619 0.7918968692449355 0.4521575984990619 0.7992633517495396 0.45778611632270166 0.8637200736648251 0.45590994371482174 0.850828729281768 0.4277673545966229 0.8360957642725598 0.4090056285178236 0.8287292817679558 0.4071294559099437 0.8130755064456722 0.4090056285178236 0.7909760589318601 0.4333958724202627 0.7716390423572744 0.4333958724202627
0 0.6703499079189686 0.6679174484052532 0.6666666666666666 0.6885553470919324 0.6721915285451197 0.701688555347092 0.6933701657458563 0.6979362101313321 0.7016574585635359 0.7073170731707317 0.7136279926335175 0.7073170731707317 0.716390423572744 0.701688555347092 0.7366482504604052 0.6941838649155723 0.7394106813996317 0.6979362101313321 0.7449355432780848 0.6885553470919324 0.7440147329650092 0.6660412757973734 0.714548802946593 0.6397748592870544 0.7081031307550645 0.6397748592870544 0.6998158379373849 0.649155722326454 0.6823204419889503 0.649155722326454 0.6703499079189686 0.6679174484052532
0 0.2504604051565378 0.7523452157598499 0.24953959484346225 0.7804878048780488 0.26243093922651933 0.7898686679174484 0.3020257826887661 0.7898686679174484 0.3278084714548803 0.7711069418386491 0.3360957642725598 0.774859287054409 0.3434622467771639 0.7673545966228893 0.3756906077348066 0.7654784240150094 0.3747697974217311 0.7560975609756098 0.3683241252302026 0.7504690431519699 0.3747697974217311 0.7354596622889306 0.3747697974217311 0.7279549718574109 0.34990791896869244 0.7129455909943715 0.27716390423572745 0.7129455909943715 0.26427255985267034 0.7223264540337712 0.2504604051565378 0.7523452157598499
0 0.4180478821362799 0.5703564727954972 0.4134438305709024 0.6135084427767354 0.4198895027624309 0.649155722326454 0.430939226519337 0.6679174484052532 0.43186003683241253 0.6772983114446529 0.44935543278084716 0.6885553470919324 0.4585635359116022 0.6885553470919324 0.4686924493554328 0.701688555347092 0.4880294659300184 0.7110694183864915 0.5138121546961326 0.7073170731707317 0.5294659300184162 0.7129455909943715 0.5377532228360957 0.7035647279549718 0.5681399631675875 0.6885553470919324 0.6215469613259669 0.6923076923076923 0.6372007366482505 0.6735459662288931 0.6602209944751382 0.6735459662288931 0.6850828729281768 0.6378986866791745 0.6887661141804788 0.6097560975609756 0.6878453038674033 0.5647279549718575 0.6813996316758748 0.5309568480300187 0.6685082872928176 0.4878048780487805 0.6574585635359116 0.46716697936210133 0.6233885819521179 0.42401500938086306 0.5985267034990792 0.40337711069418386 0.5681399631675875 0.39399624765478425 0.5202578268876611 0.40337711069418386 0.494475138121547 0.42401500938086306 0.47605893186003684 0.4521575984990619 0.46500920810313073 0.45778611632270166 0.43462246777163904 0.5103189493433395 0.42357274401473294 0.5403377110694184 0.4180478821362799 0.5703564727954972
0 0.7882136279926335 0.6641651031894934 0.787292817679558 0.6923076923076923 0.7946593001841621 0.6979362101313321 0.8535911602209945 0.701688555347092 0.850828729281768 0.6923076923076923 0.8379373848987108 0.6848030018761726 0.8360957642725598 0.6735459662288931 0.8167587476979742 0.6397748592870544 0.8001841620626151 0.6435272045028143 0.7928176795580111 0.6622889305816135 0.7882136279926335 0.6641651031894934
0 0.43646408839779005 0.7035647279549718 0.43554327808471455 0.7223264540337712 0.44014732965009207 0.7279549718574109 0.4567219152854512 0.7317073170731707 0.47513812154696133 0.726078799249531 0.4631675874769797 0.6979362101313321 0.44751381215469616 0.6923076923076923 0.43646408839779005 0.7035647279549718
0 0.12246777163904236 0.6772983114446529 0.12154696132596685 0.6923076923076923 0.13259668508287292 0.7073170731707317 0.17771639042357273 0.7073170731707317 0.20718232044198895 0.6866791744840526 0.21178637200736647 0.6735459662288931 0.19613259668508287 0.6285178236397748 0.1841620626151013 0.6191369606003753 0.1703499079189687 0.6191369606003753 0.14917127071823205 0.6228893058161351 0.1289134438305709 0.6435272045028143 0.12246777163904236 0.6772983114446529
0 0.1464088397790055 0.4165103189493433 0.1445672191528545 0.44840525328330205 0.19521178637200737 0.4521575984990619 0.20902394106813996 0.44840525328330205 0.20902394106813996 0.4427767354596623 0.214548802946593 0.4371482176360225 0.18139963167587478 0.3977485928705441 0.1703499079189687 0.3977485928705441 0.1464088397790055 0.4165103189493433
0 0.283609576427256 0.6679174484052532 0.27624309392265195 0.6829268292682927 0.28084714548802947 0.701688555347092 0.3149171270718232 0.6941838649155723 0.3241252302025783 0.6866791744840526 0.3287292817679558 0.6735459662288931 0.31031307550644566 0.6547842401500938 0.3020257826887661 0.6547842401500938 0.283609576427256 0.6679174484052532
0 0.5313075506445673 0.7166979362101313 0.5303867403314917 0.724202626641651 0.5349907918968693 0.7317073170731707 0.5874769797421732 0.7373358348968105 0.6022099447513812 0.726078799249531 0.6031307550644567 0.701688555347092 0.6003683241252302 0.6941838649155723 0.5911602209944752 0.6885553470919324 0.576427255985267 0.6885553470919324 0.5460405156537753 0.7035647279549718 0.5313075506445673 0.7166979362101313
0 0.18047882136279927 0.5534709193245778 0.17771639042357273 0.5609756097560976 0.17771639042357273 0.6097560975609756 0.1998158379373849 0.6285178236397748 0.2154696132596685 0.6679174484052532 0.23388581952117865 0.6772983114446529 0.27440147329650094 0.6772983114446529 0.2983425414364641 0.6529080675422139 0.3139963167587477 0.6529080675422139 0.3250460405156538 0.6622889305816135 0.3342541436464088 0.6622889305816135 0.3416206261510129 0.649155722326454 0.36095764272559855 0.6435272045028143 0.3766114180478821 0.624765478424015 0.40699815837937386 0.6285178236397748 0.4125230202578269 0.5797373358348968 0.4088397790055249 0.5272045028142589 0.39410681399631675 0.46153846153846156 0.3720073664825046 0.4277673545966229 0.3443830570902394 0.41275797373358347 0.30939226519337015 0.41838649155722324 0.285451197053407 0.4371482176360225 0.27808471454880296 0.44840525328330205 0.2541436464088398 0.46153846153846156 0.24677716390423574 0.4727954971857411 0.22283609576427257 0.4915572232645403 0.20165745856353592 0.525328330206379 0.1860036832412523 0.5403377110694184 0.18047882136279927 0.5534709193245778